--[[
Encrypted by Hackers House Obfuscation V1
Free and unlimited
https://hackershouse.tech/
Credits: Hackers House Team
Version: 1.0.0
]]
_G["AdBae3A5ZR"]=function(src)
  local box={__src=src}
  return setmetatable({}, {
    __index=function(_,k) return box.__src[k] end,
    __newindex=function(_,k,v) box.__src[k]=v end
  })
end
_G["yuFckS4qeTQ"]=function(a,b)
  if type(a)~="table" then return nil end
  local mt=getmetatable(a)
  if mt and mt.__index then return a[b] end
  local p=_G["AdBae3A5ZR"](a)
  return p[b]
end
_G["Ht3RWZ7VfOWuo"]={{k=181,b={30,42,38,234,13,20,37,9}},{k=33,b={112,81,143,99,119,118,153,101,83,131,120,147}},{k=178,b={38,19,20,30,23}},{k=33,b={138,150,146,86,121,128,145,117}},{k=30,b={151,142,104,80,141,85,129,129,95,151}},{k=41,b={111,143,144,162,113,160,151,90,155,98}},{k=130,b={232,247,240,229,246,235,241,240}},{k=27,b={217,218,166,221,165,216,38,154,209,216,70,70,194,209,149,139,194,70,154,4,234,219,3,39,179,24,99,149,215,165,155,216,70,70,194,209,149,139,194,70,79,49,84,175,24,154,104,74,249,64,195,215,180,180,216,70,70,179,164,70,110,110,110,154,4,234,219,3,39,179,24,99,149,120,79,49,84,175,24,154,104,74,249,64,195,217,216,166,216,216,216,16,207,211,206,10,236,26,23,31,243,15,240,255,9,208,251,245,252,219,240,10,0,250,29,248,223,207,207,227,227,214,207,198,7,20,10,198,206,206,206,206,10,236,26,23,31,243,15,240,255,9,209,251,245,252,219,240,217,216,156,216,216,216,2,0,246,240,19,238,213,197,198,209,197,201,196,196,0,226,16,13,21,233,5,230,245,255,198,209,197,199,196,241,235,242,209,230,0,246,240,19,238,213,198,209,197,217,216,245,216,216,216,7,30,30,50,50,37,30,21,105,93,90,99,255,97,100,88,86,97,21,79,96,87,68,79,92,104,110,39,38,103,44,55,50,41,45,255,97,100,88,86,97,21,109,75,78,74,96,104,217,217,249,216,216,216,27,32,70,236,39,80,59,78,244,233,3,46,33,32,37,28,217,45,43,44,28,217,29,38,3,217,217,32,31,217,83,34,27,70,83,30,42,48,235,232,43,238,59,244,244,237,241,217,45,33,28,39,3,217,217,217,217,49,79,80,76,34,42,32,70,236,39,80,217,218,16,237,21,216,16,122,51,17,232,30,93,9,215,127,173,139,105,22,93,122,51,151,21,226,176,176,176,176,173,110,176,88,232,30,93,9,215,127,173,139,105,22,93,122,51,130,147,109,193,88,232,30,93,9,215,127,173,139,105,22,93,217,217,233,216,216,216,8,43,30,19,254,16,4,4,249,9,61,81,76,87,9,35,82,75,54,35,78,58,64,251,248,59,254,43,4,255,251,0,9,76,85,58,76,9,35,82,75,54,35,78,58,64,251,248,59,217,218,232,229,157,216,20,179,66,1,101,101,140,205,136,9,126,252,106,136,136,9,100,191,9,61,22,136,122,87,226,235,122,35,191,13,114,101,178,179,66,1,1,166,114,205,136,204,48,9,126,106,136,106,136,106,235,88,126,66,70,57,0,92,114,226,83,217,218,245,223,143,216,23,19,13,142,230,41,227,121,76,76,83,227,55,55,227,121,76,76,97,227,55,55,227,121,76,69,104,227,55,55,227,121,76,76,69,227,55,55,227,121,76,76,111,227,20,13,223,191,198,68,237,54,247,76,19,132,13,13,76,34,125,83,48,125,217,217,53,216,216,216,39,71,76,76,76,47,234,69,11,247,227,224,253,241,71,23,226,7,77,234,69,11,247,227,224,253,241,71,23,226,7,77,218,242,73,6,1,7,12,11,18,75,22,13,20,7,77,77,77,77,68,69,70,78,68,70,76,72,68,70,76,78,77,68,64,72,68,64,76,76,73,77,77,68,69,70,79,68,76,78,217,216,174,216,216,216,29,214,223,230,219,223,230,215,215,215,215,218,214,20,35,28,17,34,23,29,28,214,215,26,29,17,15,26,206,25,235,228,229,233,26,29,17,15,26,206,16,235,41,214,214,214,223,228,226,217,223,223,215,219,223,223,215,217,214,231,219,231,215,215,218,214,214,214,223,229,217,217,240,216,216,216,254,5,11,1,2,9,13,1,2,9,11,8,1,4,13,1,4,9,9,12,8,8,1,6,248,10,1,9,11,8,1,1,13,1,1,9,9,12,8,217,217,29,216,216,216,24,69,76,85,76,70,76,84,68,64,76,84,68,65,69,69,76,85,78,71,76,68,70,69,84,64,84,68,68,16,86,251,2,15,61,4,80,69,69,69,76,70,76,79,68,64,76,79,68,70,69,76,78,64,76,78,68,68,65,62,255,61,249,2,61,217,217,51,216,216,216,14,15,12,16,18,15,83,5,62,17,216,10,222,78,8,56,83,10,21,83,5,63,75,75,75,67,72,70,74,78,70,74,72,75,65,67,78,65,67,74,74,83,7,11,22,13,83,5,62,5,72,75,75,65,70,217,218,91,229,157,216,9,25,138,216,242,112,164,216,242,112,251,124,241,111,90,251,85,250,176,20,116,50,63,37,176,241,150,177,98,163,72,37,99,89,112,251,124,241,111,90,251,37,124,63,76,37,241,251,63,72,217,218,60,227,123,216,7,114,224,147,54,125,1,246,125,103,56,244,114,255,156,147,246,136,255,244,255,255,244,62,158,169,111,84,89,246,87,34,175,244,244,98,21,109,109,43,109,109,255,255,255,170,156,156,217,216,45,216,216,216,32,77,77,135,152,143,124,135,148,160,166,95,94,159,100,111,106,94,94,97,102,55,77,77,146,153,160,146,55,77,77,77,77,143,159,146,142,152,55,77,77,146,155,145,55,77,77,150,147,77,165,131,134,130,152,160,150,124,98,155,134,111,132,107,95,77,142,155,145,77,135,152,143,217,218,157,233,201,216,8,220,151,116,64,166,239,222,47,68,255,170,170,51,239,102,189,81,133,82,235,189,151,184,31,220,151,116,64,166,239,222,47,68,255,170,222,222,17,102,189,82,235,65,71,82,235,65,71,217,217,99,216,216,216,40,131,131,198,191,208,198,186,197,131,123,123,123,199,165,215,210,202,158,186,153,170,192,126,199,165,215,210,202,158,186,153,170,192,122,120,146,122,142,142,145,122,131,215,187,198,189,89,131,131,131,131,191,188,192,194,191,131,155,211,178,154,164,197,181,186,138,188,142,147,89,131,131,131,131,212,187,186,191,198,131,217,218,46,233,201,216,11,246,158,143,7,229,244,228,39,247,141,42,111,78,210,141,78,246,158,143,7,229,244,228,39,247,141,59,246,158,143,7,229,244,228,39,247,141,9,111,78,227,124,210,216,78,78,227,90,209,227,216,217,216,138,216,216,216,39,170,170,170,170,246,249,237,235,246,170,210,250,219,211,209,240,224,243,195,249,199,178,189,187,181,192,192,179,183,178,189,187,181,192,192,179,148,170,170,170,170,243,240,170,210,250,219,211,209,240,224,243,195,249,8,199,186,170,254,242,239,248,170,210,250,219,211,209,240,224,243,195,249,199,210,250,219,211,209,217,218,228,229,157,216,237,18,66,57,201,135,19,97,132,5,122,248,102,132,132,5,122,248,102,5,122,248,218}},{k=16,b={132}}}
_G["jjX7eUQNPFS"]=function(i)
  local e=_G["Ht3RWZ7VfOWuo"][i]
  local t={}
  for j=1,#e.b do
    t[j]=e.b[j]-e.k
    if t[j]<0 then t[j]=t[j]+256 end
  end
  local __u=table.unpack or unpack
  local out=string.char(__u(t))
  local nk=((e.k*33)+17)%251+1
  local nb={string.byte(out,1,#out)}
  for j=1,#nb do nb[j]=(nb[j]+nk)%256 end
  e.k=nk; e.b=nb
  return out
end
local function _cyjingn4()
  if type(_G["yuFckS4qeTQ"])~="function" then return false end
  if type(_G["Ht3RWZ7VfOWuo"])~="table" then return false end
  return true
end
do
  if not _cyjingn4() then
    local __t=nil
    __t()
  end
end
local function hZYO6xQT6O(x)
  local Pmu2WlN0CU=(x*13)-(x*13)
  local a8K8wJOWV=(Pmu2WlN0CU+17)-17
  if a8K8wJOWV~=0 then return x end
  return x
end
hZYO6xQT6O(1)
do local Pmu2WlN0CU=1; local a8K8wJOWV=1; if (Pmu2WlN0CU+a8K8wJOWV)==3 then Pmu2WlN0CU=Pmu2WlN0CU+1 end end
do local ED6IvBlLI0D=0; while ED6IvBlLI0D<1 do ED6IvBlLI0D=ED6IvBlLI0D+1 end end
do local _njSWFA=1; local mgNYOpVdmYA=0
  while true do
    if _njSWFA==1 then
      mgNYOpVdmYA=mgNYOpVdmYA+1
      if ((mgNYOpVdmYA*16)-(mgNYOpVdmYA*16))==0 then _njSWFA=2 else _njSWFA=3 end
    elseif _njSWFA==2 then
      if (55-55)~=0 then mgNYOpVdmYA=mgNYOpVdmYA+9 end
      break
    else
      break
    end
  end
end
repeat local aAExoFVt7U=0; aAExoFVt7U=aAExoFVt7U+1 until aAExoFVt7U>0
local piUBsQWsGoa="\161\162\129\165\109\160\238\117\172\179\33\33\157\172\112\102\157\33\152\152\37\133\202\162\228\218\192\192\143\178\123\153\179\33\33\157\172\112\102\157\33\198\112\253\42\107\52\172\187\182\178\138\158\179\33\33\142\127\33\73\73\73\152\152\37\133\202\162\228\218\192\192\143\83\198\112\253\42\107\52\172\187\182\78\98\161\160\67\160\160\160\214\107\174\174\151\119\184\176\138\136\182\182\121\109\132\166\143\152\165\154\178\181\180\108\108\128\128\115\108\99\164\177\167\99\107\107\107\107\174\174\151\119\184\176\138\136\182\182\121\110\132\166\143\152\165\161\160\205\160\160\160\248\36\60\63\62\246\247\0\246\250\245\245\56\56\33\1\66\58\20\18\64\64\3\247\0\246\248\245\14\48\25\34\47\36\60\63\62\247\0\246\246\246\10\10\253\246\237\65\53\50\59\215\57\60\48\46\57\237\19\37\52\48\68\48\255\21\17\5\0\21\66\10\1\3\3\215\57\60\48\46\57\237\16\49\18\67\66\39\65\161\162\213\165\109\160\229\91\76\176\6\197\7\40\221\226\241\206\117\25\15\30\206\117\201\0\7\117\117\226\211\117\51\141\216\196\40\196\207\61\41\237\212\61\30\6\6\217\227\227\117\25\221\206\251\7\117\117\117\117\36\201\46\35\30\151\25\91\76\176\6\36\201\46\35\30\161\161\239\160\160\160\246\181\219\161\164\176\4\30\229\15\15\15\15\198\201\15\7\172\203\170\217\218\181\219\161\164\176\5\24\6\2\7\172\203\170\217\218\181\219\161\164\176\5\24\6\18\18\31\15\219\199\202\193\15\169\183\200\204\216\204\29\167\171\23\28\167\218\18\25\29\28\15\202\195\220\202\15\169\183\200\204\216\204\29\167\171\23\161\162\100\165\109\160\232\99\204\173\149\89\84\94\99\4\93\138\88\150\4\4\93\128\163\93\113\98\4\194\28\103\83\183\83\94\204\184\124\99\204\173\149\149\114\94\99\4\168\108\93\138\150\150\150\150\150\150\150\150\63\199\43\118\118\28\119\93\13\249\234\244\194\3\44\44\89\59\109\161\161\231\160\160\160\227\17\10\18\17\14\14\186\26\193\210\201\196\211\206\200\201\15\193\23\164\161\221\160\20\162\203\19\169\14\237\7\7\203\200\196\198\203\7\177\166\197\212\169\194\162\196\163\166\170\197\189\183\175\26\220\184\184\212\213\196\26\193\23\164\161\221\160\161\161\70\160\160\160\229\53\131\106\50\136\123\76\38\38\116\99\114\115\116\104\38\127\115\128\101\109\149\50\119\99\146\151\46\153\129\42\46\96\115\104\101\114\111\105\104\46\47\106\105\101\103\106\38\109\59\46\46\55\52\44\55\47\45\46\52\52\43\52\52\47\47\61\106\105\161\162\254\165\109\160\238\237\227\26\158\232\47\101\198\198\198\243\248\17\213\243\248\203\223\243\248\203\213\198\248\253\223\248\253\203\203\218\198\198\198\243\243\253\213\248\203\223\248\203\213\198\243\253\223\243\253\203\203\218\243\248\22\218\198\198\243\248\243\208\243\203\213\198\243\22\223\243\22\203\203\218\243\243\253\161\161\63\160\160\160\210\83\78\77\71\83\87\87\87\78\79\70\84\78\70\86\82\78\70\86\84\87\78\74\82\78\74\86\86\83\87\87\78\77\71\85\78\86\84\87\77\79\82\77\79\86\86\83\87\87\87\161\161\84\160\160\160\248\37\36\45\63\35\61\57\35\61\63\60\45\57\45\61\61\56\60\60\60\37\37\36\63\37\44\61\57\37\44\61\63\60\37\32\57\37\32\61\61\56\60\60\37\38\36\62\37\61\63\60\33\57\33\61\61\56\60\60\60\37\37\39\63\37\36\61\57\37\36\61\63\60\38\39\57\38\39\61\61\105\47\114\123\102\52\125\41\161\160\233\160\160\160\216\17\17\26\20\27\18\22\27\18\21\12\75\9\77\88\9\85\88\76\74\85\9\95\38\75\68\82\70\22\84\36\9\82\79\9\95\37\17\17\25\20\32\18\22\32\18\9\93\81\78\87\9\95\38\95\20\161\160\220\160\160\160\233\4\4\14\17\18\7\13\17\5\9\13\17\5\252\65\74\64\23\252\62\55\69\57\25\79\80\78\69\74\67\10\63\68\61\78\4\82\5\252\65\74\64\23\252\78\65\80\81\78\74\252\80\61\62\72\65\10\63\75\74\63\61\80\4\62\5\252\65\74\64\5\4\5\161\161\18\160\160\160\226\251\250\169\175\254\242\169\24\242\242\242\242\205\205\187\188\182\183\170\239\180\167\188\177\166\187\189\188\250\179\183\229\190\184\186\221\166\167\160\254\181\184\203\181\212\184\186\251\242\160\183\166\167\160\188\242\196\211\176\161\220\183\215\177\214\211\161\161\231\160\160\160\251\170\197\189\183\175\9\184\184\212\213\196\188\192\205\190\192\161\205\207\186\7\194\201\195\11\237\7\7\7\7\184\184\201\194\208\206\201\195\194\223\26\193\210\201\196\211\206\200\201\15\162\182\166\162\215\180\177\201\189\178\11\214\183\210\179\172\30\181\206\172\170\210\20\11\166\18\23\191\197\202\175\165\196\181\14\7\177\166\197\212\169\161\160\111\160\160\160\222\212\180\210\179\176\188\209\201\191\183\157\206\206\226\225\210\202\224\191\228\195\186\168\193\216\186\188\228\162\204\172\176\164\159\199\209\220\183\177\210\193\143\212\221\211\121\143\143\236\152\121\212\221\211\121\206\182\202\217\217\199\166\161\162\80\167\87\160\227\19\163\135\114\128\58\149\104\104\174\125\195\160\139\195\160\111\111\219\251\26\131\82\5\124\47\89\82\104\135\117\72\198\131\159\149\167\93\142\96\26\131\47\132\124\58\209\33\100\160\117\188\93\142\177\223\65\72\61\111\150\48\48\47\26\48\233\161\162\1\173\101\160\236\156\160\9\47\242\151\8\229\86\164\151\9\22\125\164\8\238\125\161\112\26\9\9\126\152\191\35\126\22\48\9\126\126\74\126\126\22\22\0\125\164\8\238\125\161\251\26\64\9\9\9\139\178\139\48\126\126\22\74\126\126\22\48\9\165\74\165\22\22\61\9\9\9\126\48\126\161\160\238\160\160\160\242\37\23\27\31\37\23\25\22\34\27\34\23\23\26\22\22\32\34\38\24\31\23\25\22\33\27\33\23\23\26\22\22\32\33\37\25\35\23\27\35\23\107\41\84\93\96\14\87\43\22\22\22\31\25\31\32\23\27\31\32\23\25\22\31\39\27\31\39\23\23\26\17\80\14\82\93\14\90\93\81\79\90\161\162\44\165\109\160\224\204\122\93\22\243\57\253\13\67\83\204\57\42\204\122\88\28\204\112\52\37\82\204\122\93\122\3\244\244\38\53\58\254\33\249\3\244\33\28\13\33\28\249\249\204\37\82\32\83\204\22\243\57\253\93\107\112\102\57\82\47\18\27\52\161\160\68\160\160\160\241\165\182\108\186\109\100\169\178\168\127\100\182\169\184\185\182\178\100\184\165\166\176\169\114\167\179\178\167\165\184\108\166\109\100\169\178\168\109\108\109\161\108\149\183\140\158\185\189\151\117\143\150\180\170\185\173\109\194\129\174\174\156\123\169\153\149\146\148\138\151\108\108\119\111\122\124\113\122\124\109\109\161\160\52\160\160\160\224\84\168\156\153\162\84\166\153\168\169\166\162\84\162\157\160\84\153\162\152\62\84\84\160\163\151\149\160\84\167\136\119\106\124\125\151\135\131\141\113\173\169\122\151\159\135\104\165\153\136\133\92\147\123\96\92\154\169\162\151\168\157\163\162\161\161\63\160\160\160\238\87\86\147\144\156\158\147\95\148\66\78\72\71\68\147\144\156\158\147\95\157\66\132\77\74\83\87\87\87\77\76\84\78\71\86\82\78\71\86\84\87\73\82\73\86\86\83\87\87\87\76\71\84\78\74\86\82\78\74\86\84\87\78\74\82\78\74\86\86\83\87\87\76\78\85\78\86\84\161\161\59\160\160\160\229\83\74\79\86\74\79\82\82\87\83\83\83\73\72\80\79\82\86\79\82\80\83\74\77\86\74\77\82\82\87\72\67\87\83\83\83\74\66\80\76\82\86\76\82\80\83\74\76\86\74\76\82\82\87\72\67\87\83\83\74\66\81\74\82\80\83\76\86\76\161\161\184\160\160\160\247\209\209\212\208\208\208\202\200\211\202\209\213\202\209\211\208\206\213\206\209\209\212\208\208\208\203\200\211\201\204\209\213\201\204\209\211\208\204\213\204\209\209\212\208\208\202\203\211\201\204\209\213\201\204\209\5\195\30\23\10\216\17\197\208\208\201\211\201\205\209\213\201\205\209\212\219\26\216\28\23\216\20\23\27\25\20\216\161\160\35\160\160\160\196\153\96\133\126\140\128\80\142\94\67\140\137\67\153\95\75\75\83\78\84\86\76\80\84\86\76\67\151\139\136\145\67\153\96\153\78\161\160\89\160\160\160\198\129\129\129\139\142\143\132\143\130\134\143\130\132\129\138\146\134\138\146\130\130\121\190\199\189\148\121\187\180\194\182\150\204\205\203\194\199\192\161\161\227\160\160\160\223\13\192\203\194\209\11\213\10\3\198\205\199\24\3\209\198\215\214\209\205\3\215\194\193\207\198\13\192\204\205\192\194\215\11\193\10\3\198\205\199\10\11\10\10\11\178\208\171\185\214\218\176\18\168\177\211\197\214\202\10\233\3\3\161\161\72\160\160\160\233\97\110\40\123\156\139\62\128\129\107\155\135\145\40\105\102\108\40\123\156\139\62\128\129\107\155\135\145\38\151\151\97\102\108\109\112\40\124\96\109\102\40\122\109\124\125\122\102\40\153\123\128\146\125\113\155\57\131\154\120\110\125\97\147\124\142\63\111\132\56\123\60\131\161\160\131\160\160\160\198\213\218\188\202\203\238\224\163\232\241\231\141\163\163\239\242\230\228\239\163\212\250\180\236\217\211\207\241\185\231\192\226\202\222\237\237\219\186\161\161\17\160\160\160\237\180\196\192\223\193\215\194\249\249\229\250\229\224\252\229\224\248\248\204\249\192\162\217\203\164\168\194\224\218\195\161\183\164\184\248\27\241\241\163\180\165\164\163\191\241\192\166\224\184\199\193\221\191\231\181\202\165\215\230\182\221\225\162\229\218\195\198\232\214\217\186\204\27\180\191\181\27\161\160\187\160\160\160\196\26\2\22\37\37\19\242\32\16\12\9\11\1\14\227\227\240\230\244\238\232\244\238\228\228\24\248\54\54\38\248\227\227\240\244\230\161\160\224\160\160\160\206\17\17\9\13\17\17\9\12\66\29\91\8\8\8\17\20\18\11\22\9\13\22\9\11\8\22\13\22\9\9\12\8\8\8\17\23\21\11\17\19\9\13\17\19\9\11\161\161\92\160\160\160\220\52\46\46\49\46\46\53\53\48\52\52\52\45\41\42\55\46\53\49\46\53\55\52\45\45\49\45\45\53\53\48\52\52\45\43\47\54\45\53\55\52\42\49\42\53\53\48\52\52\52\45\43\41\55\41\53\49\41\53\55\161\160\22\160\160\160\243\62\72\70\67\72\70\63\63\66\62\62\71\76\74\64\71\63\65\62\72\72\67\72\72\63\63\66\71\76\79\66\62\62\71\76\72\65\71\79\63\67\71\79\63\66\62\62\79\71\64\71\63\65\62\76\67\76\63\63\66\62\62\71\77\75\64\71\63\65\62\71\72\67\71\72\63\63\66\71\76\73\66\62\161\161\73\160\160\160\225\33\56\63\57\34\56\62\32\36\56\62\32\37\33\33\48\56\34\56\60\32\36\56\60\32\37\33\33\56\62\61\35\56\32\34\33\56\48\36\56\48\32\32\37\33\33\56\60\49\35\56\32\34\33\56\62\36\56\62\32\32\37\33\33\56\161\160\37\160\160\160\226\92\88\79\86\78\80\77\90\82\90\78\78\81\86\91\89\81\77\77\86\92\86\79\86\78\80\77\87\87\82\87\87\78\78\81\77\77\86\92\90\80\86\87\78\82\86\87\78\81\77\77\86\85\90\79\86\78\80\77\86\88\82\86\88\78\78\161\160\185\160\160\160\225\229\234\233\238\229\225\225\234\233\238\228\234\233\226\230\234\233\226\54\54\229\52\36\246\225\225\242\241\228\234\241\226\230\234\241\226\229\27\246\52\234\241\238\229\225\225\234\242\242\228\234\239\226\230\234\239\226\229\235\233\239\229\225\225\234\161\161\60\160\160\160\202\69\75\86\77\85\87\84\79\81\79\85\85\80\84\84\84\78\76\69\87\75\85\81\75\85\87\84\77\72\81\77\72\85\85\80\84\84\78\76\75\87\68\161\161\34\160\160\160\230\75\79\90\75\78\74\74\83\91\91\72\83\75\73\74\83\81\79\83\81\75\75\78\74\74\74\83\81\82\73\83\84\75\79\83\84\75\73\74\83\87\79\83\87\75\75\78\74\74\80\83\86\73\85\75\79\85\75\78\74\74\80\82\91\72\83\75\73\74\80\161\161\52\160\160\160\199\68\89\70\68\93\93\88\92\92\69\71\68\94\69\93\95\92\69\70\89\69\70\93\93\88\92\92\70\68\67\95\77\93\89\77\93\88\70\69\161\161\78\160\160\160\249\55\34\38\38\63\61\62\37\63\63\39\35\63\63\39\34\60\63\61\34\38\38\38\63\55\57\37\63\57\39\35\63\57\39\37\38\63\56\35\63\56\39\39\34\38\38\38\60\63\60\37\61\39\35\61\39\37\38\63\63\35\63\63\39\39\34\38\38\60\62\61\36\63\39\37\38\63\58\35\63\58\39\39\34\38\38\60\63\62\161\162\122\163\75\160\219\251\19\245\1\19\245\254\242\242\242\16\13\22\251\13\16\245\1\13\16\245\251\242\13\16\1\13\16\245\245\241\241\241\152\151\79\139\184\184\130\31\169\121\109\100\106\76\115\242\242\28\251\34\31\1\34\31\245\245\161\161\22\160\160\160\197\203\235\176\163\184\181\162\191\185\184\254\194\163\186\196\199\230\198\178\198\184\220\231\229\231\189\255\28\246\246\186\185\181\183\186\246\209\161\162\230\181\221\160\222\42\126\1\1\21\122\181\248\97\231\177\185\93\152\152\30\105\47\223\139\76\118\164\181\46\46\63\109\84\63\151\84\63\67\67\135\93\202\127\194\160\139\214\118\26\118\236\248\235\21\235\173\135\184\134\134\194\1\5\219\194\134\161\162\104\171\67\160\214\122\235\111\147\15\249\224\147\186\34\166\153\213\216\155\7\177\199\214\200\200\202\45\78\200\122\62\59\34\62\100\227\197\216\95\7\32\32\131\54\131\43\65\32\142\142\87\142\142\43\43\76\233\117\161\162\230\177\145\160\197\90\158\69\69\73\106\105\208\37\244\104\6\138\69\144\6\6\6\6\18\69\121\87\18\6\191\105\140\175\71\52\175\121\205\120\35\22\161\162\40\183\71\160\205\163\137\212\48\33\33\189\68\157\206\65\74\246\85\194\22\39\10\22\148\111\25\88\91\131\51\137\212\48\33\33\189\68\157\206\65\74\197\14\8\8\8\8\151\82\161\161\3\160\160\160\238\227\202\208\197\250\210\173\250\160\180\177\174\243\255\243\227\183\171\166\173\227\202\208\197\250\210\173\250\160\180\177\174\243\254\202\208\197\250\210\173\250\160\180\177\174\243\232\235\235\241\246\245\232\250\234\238\250\234\227\166\173\167\9\227\227\227\227\181\170\182\162\214\208\171\162\245\173\185\161\161\171\160\160\160\216\216\12\251\18\240\29\233\242\5\233\31\250\220\251\238\246\214\18\30\237\8\0\248\223\26\14\255\250\195\18\30\237\8\0\248\223\26\14\255\250\195\244\236\199\195\13\30\5\8\31\2\4\5\195\194\7\161\161\104\160\160\160\198\71\75\73\68\136\67\149\128\128\154\155\131\157\129\133\157\129\147\68\71\75\73\68\136\74\149\83\153\155\144\132\128\128\128\153\155\145\131\161\161\98\160\160\160\200\144\139\143\144\139\137\138\144\146\143\144\146\139\139\142\138\138\147\145\149\136\147\139\137\138\144\146\143\144\146\139\139\142\138\138\147\144\154\136\147\161\161\213\160\160\160\223\188\190\189\172\184\172\188\188\185\164\166\166\185\189\189\189\164\167\163\190\164\164\188\184\164\164\188\190\189\164\160\184\164\160\188\188\232\174\243\250\231\181\252\168\189\189\164\190\164\166\188\184\164\166\188\185\182\247\181\241\250\181\249\161\162\70\177\145\160\211\165\217\183\114\102\28\83\200\81\63\115\67\97\49\102\63\12\102\28\66\238\238\118\33\135\237\255\67\135\237\255\102\250\46\251\148\102\28\83\28\33\238\238\238\152\203\220\33\135\220\255\161\160\40\160\160\160\198\85\89\94\81\83\80\89\91\85\89\91\81\81\72\141\150\140\99\72\138\131\145\133\101\155\156\154\145\150\143\86\139\144\137\154\80\158\81\161\161\243\160\160\160\242\19\214\221\215\8\19\193\214\199\198\193\221\19\199\210\209\223\214\29\208\220\221\208\210\199\27\209\26\19\214\221\215\26\27\26\26\31\27\213\198\221\208\199\218\220\221\27\26\223\220\208\210\223\19\216\14\27\27\27\2\11\6\24\2\11\26\30\2\11\26\24\27\1\1\30\1\1\26\26\8\223\220\161\162\112\183\71\160\203\85\39\36\80\62\235\125\8\8\8\238\120\77\97\31\123\97\31\77\8\215\143\123\215\143\31\31\100\8\8\8\5\5\77\5\31\123\5\31\77\8\215\238\161\161\179\160\160\160\196\222\194\193\218\218\223\219\219\219\193\197\216\197\218\222\197\218\216\219\194\193\222\194\193\218\218\223\199\192\14\200\21\28\1\211\26\161\160\35\160\160\160\215\96\75\75\84\78\91\76\80\91\76\79\70\133\67\135\146\67\143\146\134\132\143\67\153\96\133\126\140\128\80\142\94\67\140\137\67\153\95\75\75\83\77\84\76\78\75\87\80\87\76\76\67\151\139\136\161\161\186\160\160\160\232\20\218\12\199\12\209\200\207\204\218\31\20\30\193\218\24\225\19\231\199\9\14\8\19\20\29\212\25\18\27\8\210\12\211\218\31\20\30\193\218\8\31\14\15\8\20\218\14\27\24\22\31\212\25\21\20\25\27\14\210\24\211\218\31\20\30\211\210\211\211\210\243\161\160\243\160\160\160\197\70\57\44\68\97\44\86\106\101\96\35\28\253\19\19\88\97\87\253\19\19\95\98\86\84\95\19\106\102\35\37\84\69\85\90\96\95\161\160\101\160\160\160\205\187\162\222\218\171\200\208\184\153\214\202\185\182\141\222\218\171\200\208\184\153\214\202\185\182\141\196\172\145\141\203\218\211\200\217\206\212\211\141\142\209\212\200\198\209\161\161\208\160\160\160\217\176\251\173\184\184\162\161\160\186\161\185\187\184\161\160\189\161\160\185\185\171\252\255\243\241\252\176\242\173\235\184\184\167\160\187\161\166\185\189\161\166\185\188\184\184\165\161\186\161\185\187\184\168\189\168\185\185\161\161\186\160\160\160\214\214\210\210\210\207\200\209\203\206\211\215\203\206\211\209\210\203\194\215\203\194\211\211\214\210\210\204\200\208\203\211\209\210\203\194\215\203\194\211\211\214\210\210\207\207\208\203\211\209\210\200\202\215\200\161\162\124\167\87\160\230\204\155\155\231\25\70\133\154\92\91\39\148\148\148\211\169\239\155\183\239\155\169\148\211\204\183\211\204\155\155\176\113\42\92\56\133\92\112\133\49\35\112\92\182\39\42\249\91\7\183\105\25\92\91\70\92\182\32\148\148\204\162\211\155\169\148\211\225\183\211\161\160\20\160\160\160\204\71\61\61\52\136\124\121\130\52\138\81\138\63\60\60\60\70\73\74\63\69\71\61\65\69\71\61\63\60\74\65\74\61\61\52\121\130\120\79\52\118\111\125\113\161\161\103\160\160\160\243\154\84\83\85\78\73\64\137\68\79\70\85\143\81\142\135\66\73\67\156\135\85\66\83\82\85\73\135\83\70\69\75\66\137\68\72\73\68\70\83\143\69\142\135\66\73\67\142\143\142\142\139\143\65\82\73\68\83\78\72\73\143\142\75\72\68\70\75\135\76\154\143\143\146\158\141\150\142\140\143\150\149\138\161\161\208\160\160\160\234\161\162\185\185\171\252\255\243\241\252\176\242\173\235\161\165\168\188\161\167\160\188\184\184\184\161\166\169\187\161\164\185\189\161\164\185\187\184\162\160\189\162\160\185\185\188\184\184\184\161\165\168\187\164\185\189\164\185\187\184\161\160\189\161\160\185\185\188\184\184\161\165\166\186\161\162\189\179\187\160\207\96\200\238\181\96\210\20\96\210\200\200\1\181\181\181\96\210\172\238\96\248\200\20\96\248\200\238\181\96\229\20\96\229\200\200\4\30\79\250\51\29\136\68\181\181\181\96\161\160\63\160\160\160\217\106\120\104\108\120\104\106\103\112\119\108\112\119\104\104\107\98\161\95\163\174\95\171\174\162\160\171\95\181\124\161\154\168\156\108\170\122\95\168\165\95\181\123\103\103\103\111\106\117\104\108\117\104\106\103\119\108\161\162\237\177\145\160\215\165\166\166\13\161\213\162\59\13\195\250\195\200\149\149\63\114\131\200\46\97\166\234\46\97\166\13\162\59\145\216\13\111\248\230\26\250\144\161\127\230\59\196\251\128\213\94\127\149\195\166\13\162\59\145\161\160\48\160\160\160\245\107\80\162\149\164\165\162\158\80\164\145\146\156\149\94\147\159\158\147\145\164\88\146\89\80\149\158\148\89\88\89\89\88\166\153\165\145\133\131\152\145\102\158\170\99\151\128\169\89\58\80\80\156\159\147\145\156\80\167\149\100\162\120\147\143\151\146\96\145\147\96\122\132\127\109\88\88\119\100\104\159\159\99\116\131\161\162\181\177\145\160\212\159\244\195\208\127\24\24\110\144\93\93\246\92\144\246\229\110\178\246\229\110\110\42\93\93\7\58\246\127\246\110\144\93\246\246\178\246\246\110\110\144\93\93\93\246\144\126\110\178\126\110\144\161\162\99\165\109\160\229\43\88\93\68\88\93\48\48\149\3\3\127\142\82\72\127\3\233\2\87\123\162\177\188\208\162\243\117\148\202\192\172\193\82\122\2\103\152\92\7\248\43\62\198\42\43\97\172\137\82\167\112\142\137\43\48\127\142\82\72\127\3\122\148\43\43\88\93\83\161\161\78\160\160\160\216\36\63\39\37\38\58\35\58\39\39\53\98\97\109\111\98\46\108\51\117\60\61\59\34\60\61\56\34\38\38\60\61\58\36\63\39\37\38\63\62\35\63\62\39\39\34\38\38\60\60\59\36\63\39\37\38\161\160\226\160\160\160\239\27\15\27\11\11\14\10\10\10\20\21\18\13\19\20\11\15\19\20\11\13\10\27\15\27\11\11\14\10\10\10\20\20\21\13\19\24\11\15\19\24\11\13\10\19\24\15\19\24\11\11\95\29\72\81\84\2\75\31\10\10\19\13\19\25\11\15\19\25\11\14\5\68\2\70\81\2\78\81\161\161\47\160\160\160\215\140\142\131\79\153\82\141\116\134\114\66\132\84\79\134\137\79\153\83\95\79\155\135\138\129\79\153\82\153\68\71\71\93\90\89\69\94\70\68\71\86\66\86\70\70\79\138\129\139\84\79\141\116\134\114\161\160\47\160\160\160\226\108\162\163\161\152\157\150\93\146\151\144\161\87\165\88\79\148\157\147\106\79\161\148\163\164\161\157\79\163\144\145\155\148\93\146\158\157\146\144\163\87\145\88\79\148\157\147\88\87\88\140\91\87\149\164\157\146\163\152\158\157\87\88\155\158\146\161\162\193\173\101\160\196\174\61\97\48\218\201\201\62\49\49\227\62\214\240\201\62\114\10\62\114\214\214\192\61\100\200\174\61\97\187\218\0\62\166\153\253\161\161\62\160\160\160\250\86\86\76\76\79\85\73\87\83\73\87\82\86\86\86\76\79\72\85\73\87\83\73\87\85\86\79\74\83\79\74\87\87\82\86\86\76\78\79\84\79\87\85\86\77\83\77\87\87\131\69\152\145\140\94\151\67\86\86\79\85\71\87\83\71\87\82\93\156\94\154\145\94\146\145\157\159\146\94\136\67\156\101\151\99\83\149\69\94\151\161\161\203\160\160\160\235\237\171\253\183\163\163\163\187\160\186\185\162\166\186\185\162\160\163\186\186\166\186\186\162\162\171\255\227\238\229\171\253\182\253\160\163\163\185\190\189\161\186\162\160\163\189\166\189\162\162\171\238\229\239\176\171\233\16\226\22\182\248\255\249\226\229\236\165\232\227\234\249\163\253\162\161\161\248\160\160\160\223\24\221\214\220\3\24\202\221\204\205\202\214\24\204\217\218\212\221\22\219\215\214\219\217\204\16\218\17\24\221\214\220\17\16\17\17\16\207\203\8\10\217\170\218\223\213\212\174\20\16\16\9\19\9\11\17\21\9\11\17\20\27\207\161\161\82\160\160\160\223\97\34\32\115\128\112\117\127\126\132\59\111\88\50\50\116\125\96\50\99\153\113\139\35\32\106\113\113\123\127\47\58\58\35\57\35\38\59\63\35\38\59\62\49\156\129\118\42\97\100\151\155\97\130\120\50\118\125\50\156\129\118\42\161\162\245\173\101\160\222\204\243\118\170\204\5\87\148\178\196\252\122\114\127\13\252\252\74\126\174\14\253\235\44\9\205\204\243\118\170\204\5\87\148\178\196\252\122\114\127\13\252\252\74\126\174\36\0\22\153\191\157\252\200\48\239\101\226\252\101\183\57\161\160\242\160\160\160\210\65\27\23\26\26\26\36\39\40\29\35\34\27\31\35\34\27\29\26\39\31\39\27\27\18\87\96\86\252\18\18\57\38\42\97\97\37\54\69\60\65\32\93\47\105\87\38\100\58\85\161\162\51\167\87\160\205\204\4\225\131\218\232\131\57\127\92\208\19\36\159\187\60\60\152\15\120\57\92\117\225\222\85\120\239\187\88\109\22\50\88\99\25\121\19\19\81\246\95\102\81\53\161\162\214\163\75\160\229\54\59\47\102\108\249\204\252\11\29\26\216\244\5\32\2\244\26\35\255\249\26\54\186\225\68\162\41\2\249\228\32\44\102\68\213\244\2\35\244\54\54\26\35\255\249\26\54\32\56\174\120\117\195\255\56\108\141\8\53\32\255\50\17\35\32\78\81\244\161\162\201\173\101\160\215\30\247\105\238\186\87\208\56\0\109\134\234\13\230\209\156\100\5\131\117\70\70\135\117\70\83\70\117\70\70\83\117\70\57\70\131\222\209\156\100\104\43\43\65\148\234\26\230\191\217\87\0\209\209\83\161\160\236\160\160\160\207\23\29\29\35\25\29\29\35\21\21\73\21\106\41\86\86\68\35\81\65\61\58\60\50\63\20\20\35\23\34\36\25\34\36\21\21\12\96\84\81\90\12\94\81\96\97\94\161\161\241\160\160\160\215\223\17\215\208\221\194\212\17\212\223\213\251\17\17\216\215\17\200\196\183\210\218\162\5\192\212\165\160\25\174\182\29\25\215\196\223\210\197\216\222\223\25\24\221\222\210\208\221\17\218\12\25\25\25\0\161\161\83\160\160\160\214\38\43\56\34\37\58\62\34\37\58\56\59\33\33\62\33\33\58\58\40\127\124\112\114\127\51\113\46\104\59\59\34\43\57\34\58\56\59\34\38\62\34\38\58\58\63\59\59\33\32\56\38\58\62\161\161\57\160\160\160\247\76\80\85\81\81\72\77\83\72\80\82\81\75\73\84\75\73\80\80\85\81\81\74\83\72\80\82\81\74\84\74\80\80\132\66\159\150\139\89\144\68\81\81\72\83\72\80\82\81\72\78\84\72\78\80\80\85\90\155\89\157\150\89\149\150\154\152\149\89\143\68\155\98\144\100\84\146\66\89\144\159\89\143\69\81\81\73\161\161\245\160\160\160\230\31\4\28\30\29\4\7\24\4\7\28\28\21\193\221\208\219\21\195\8\195\30\29\29\29\7\0\3\30\13\28\24\13\28\30\29\7\6\24\7\6\28\28\21\208\219\209\14\21\215\174\220\168\8\198\193\199\220\219\210\27\214\221\212\199\29\195\28\21\208\161\161\35\160\160\160\199\141\135\88\67\145\134\151\150\145\141\67\151\130\129\143\134\77\128\140\141\128\130\151\75\129\74\67\134\141\135\74\75\74\74\75\124\100\120\137\161\160\3\160\160\160\214\109\91\58\104\88\84\81\83\73\86\43\43\56\46\57\51\48\57\51\44\44\96\44\129\64\109\109\91\58\104\88\84\81\83\73\86\43\43\54\46\58\51\48\58\51\44\44\35\119\107\104\113\35\117\161\162\57\181\221\160\221\130\189\210\147\63\217\151\46\21\168\130\217\130\63\109\11\217\217\147\130\189\210\147\63\217\189\147\210\130\11\217\217\130\63\109\11\217\217\21\84\88\46\21\217\163\83\151\83\189\163\247\209\104\222\105\58\129\129\62\192\83\161\160\193\160\160\160\236\234\238\243\234\203\225\225\45\48\36\34\45\225\6\16\32\58\22\53\53\5\21\5\8\20\16\254\60\62\203\225\225\6\16\32\58\22\53\53\5\21\5\8\20\16\28\233\233\233\242\236\242\250\234\238\242\250\234\236\233\250\238\250\234\234\30\254\39\54\47\36\53\42\48\47\233\161\160\199\160\160\160\200\245\245\245\240\231\57\44\59\60\57\53\231\53\61\15\253\252\22\42\61\249\239\245\245\245\240\231\44\53\43\209\231\231\19\32\65\11\56\43\40\161\162\203\171\67\160\212\169\133\177\219\9\114\106\45\210\133\12\199\78\144\133\131\197\197\197\142\57\43\43\43\43\111\144\12\246\111\43\122\81\210\100\125\78\155\70\147\62\15\70\136\29\106\131\131\131\230\164\230\161\160\125\160\160\160\252\175\166\170\174\175\166\168\165\176\170\176\166\166\135\157\157\157\157\244\229\230\233\226\157\241\239\242\226\157\225\236\135\157\157\157\157\157\157\230\227\157\234\207\242\232\211\230\237\206\213\182\201\206\212\179\186\186\165\165\174\167\174\166\168\165\182\170\182\166\166\157\241\229\226\235\135\157\157\157\157\157\157\157\157\239\226\241\242\239\235\157\194\161\162\209\179\187\160\220\174\222\204\32\109\109\221\13\221\22\250\174\146\183\135\99\135\109\183\3\249\154\212\33\184\201\59\59\59\220\143\49\49\49\49\49\49\80\213\90\80\143\49\49\49\49\49\49\49\49\71\80\109\128\71\251\49\251\156\213\161\161\111\160\160\160\220\101\143\143\143\143\143\143\74\65\75\101\143\143\143\143\74\65\75\101\143\143\74\65\75\101\74\65\75\101\75\64\101\143\143\70\73\143\65\64\91\143\35\54\85\43\94\75\78\53\65\93\159\85\58\135\134\143\91\71\74\161\161\89\160\160\160\200\119\83\57\57\57\57\117\118\122\120\117\57\138\33\159\136\155\118\144\33\116\115\152\34\57\125\118\57\117\118\122\120\117\57\106\96\144\156\113\136\161\161\50\160\160\160\201\156\125\79\156\155\158\73\82\97\74\116\99\112\157\123\74\159\152\115\79\129\139\123\119\154\99\156\125\82\151\156\150\56\82\82\82\82\97\74\116\99\161\162\26\181\221\160\225\132\53\23\178\11\204\111\98\119\236\186\186\99\32\78\236\99\32\78\236\246\53\57\15\246\186\212\11\73\78\128\158\95\242\40\200\236\78\53\236\186\186\246\53\57\15\246\186\82\103\237\31\115\191\178\53\44\103\36\99\61\233\27\120\179\161\160\206\160\160\160\197\60\49\66\55\61\60\246\26\24\36\66\57\255\39\57\68\55\36\61\49\247\216\58\61\49\47\58\238\51\56\64\52\50\27\55\23\38\161\160\45\160\160\160\234\142\106\85\121\119\131\161\152\94\134\152\163\150\131\156\144\87\85\85\85\94\99\88\94\97\86\90\94\97\86\88\85\95\95\90\95\95\86\86\86\90\85\121\119\131\161\152\94\134\152\163\150\131\156\144\87\94\99\86\55\77\77\153\156\144\142\153\77\147\135\146\128\167\127\161\162\187\179\187\160\250\132\30\38\238\95\29\48\66\179\58\153\49\77\39\114\134\38\67\238\236\179\179\179\151\75\236\113\198\18\113\198\236\179\113\132\18\113\132\198\198\198\18\179\179\151\75\217\94\198\236\179\94\151\18\94\151\198\198\121\27\27\134\77\27\77\105\58\228\201\209\132\30\38\238\95\29\48\21\66\179\179\179\75\236\151\198\18\151\198\236\161\160\194\160\160\160\208\234\247\239\247\235\235\226\54\42\39\48\226\52\39\54\55\52\48\226\14\12\24\54\45\243\27\45\56\43\24\49\37\226\39\48\38\204\226\226\52\39\54\55\52\48\226\14\12\161\162\123\183\71\160\243\53\231\24\226\122\24\21\234\53\116\96\97\91\91\142\93\119\97\91\91\47\116\96\50\47\91\50\67\4\217\85\24\220\4\162\119\145\200\91\119\116\91\47\116\96\50\47\91\165\217\234\10\30\4\93\165\246\226\200\91\50\67\4\217\85\24\220\4\162\119\145\246\165\217\234\10\30\4\93\165\91\142\93\161\162\182\171\67\160\247\2\36\22\22\90\123\247\225\90\22\13\203\79\126\239\236\115\60\156\195\63\22\2\123\22\90\123\247\225\90\22\2\101\225\104\123\134\184\236\148\82\236\101\85\255\21\63\22\13\203\79\126\239\236\115\60\156\195\85\2\101\225\104\123\134\184\236\148\82\236\101\22\13\112\2\36\22\22\13\203\79\126\239\236\115\60\156\161\161\210\160\160\160\241\21\9\186\186\163\184\163\187\185\186\166\191\166\187\187\15\175\244\231\252\241\230\251\253\252\186\188\188\188\187\178\224\247\230\231\224\252\178\10\11\21\163\167\3\170\253\24\11\240\247\5\1\186\188\188\188\187\178\247\252\246\216\178\178\0\255\161\246\28\230\227\234\4\228\175\244\231\252\241\230\251\161\161\40\160\160\160\252\135\134\64\70\70\70\65\34\72\72\72\72\132\135\139\137\132\72\140\127\152\131\101\113\135\135\126\85\64\64\89\66\89\65\67\64\92\69\92\65\65\34\72\72\72\72\159\128\129\132\141\72\156\154\157\141\72\140\135\34\72\72\72\72\72\72\129\142\72\140\127\152\131\101\113\135\135\126\85\85\64\64\89\67\89\94\65\69\89\94\65\72\161\161\183\160\160\160\203\3\31\18\25\189\215\215\215\215\215\215\215\215\5\18\3\2\5\25\215\18\232\28\239\252\21\224\229\5\240\236\22\15\232\229\193\28\240\232\6\19\237\234\161\162\71\177\145\160\252\239\85\85\85\0\241\103\103\103\103\103\103\252\115\234\252\241\103\103\103\103\103\103\103\103\217\252\251\12\217\149\103\149\64\115\241\103\103\103\103\103\103\252\149\235\241\103\103\103\103\252\149\235\241\103\103\252\149\235\241\252\149\235\241\185\132\170\235\117\251\200\63\253\29\239\136\0\241\235\166\103\115\166\218\184\115\103\236\66\166\220\30\161\162\39\179\187\160\219\23\34\252\51\137\136\135\147\100\135\43\100\128\90\43\135\185\203\62\137\214\156\109\61\202\128\137\24\174\31\31\202\69\202\50\88\31\202\41\126\202\41\50\50\136\135\118\184\100\70\204\23\34\252\51\137\174\185\203\161\162\100\171\67\160\210\19\22\107\33\154\234\127\165\22\253\196\187\30\176\237\196\8\41\165\143\8\196\154\171\223\80\146\179\204\63\118\41\69\118\33\160\179\242\237\196\176\41\196\8\41\165\143\8\196\113\161\162\84\173\101\160\205\121\156\22\69\121\139\174\9\139\109\209\83\244\78\5\113\200\22\61\44\17\82\247\187\82\191\248\61\182\109\239\121\156\22\69\121\139\174\9\139\244\117\234\104\83\161\162\82\171\67\160\236\178\213\180\178\10\249\139\23\73\191\194\133\111\62\4\43\136\153\205\62\128\161\186\45\100\23\51\100\15\142\161\224\21\241\241\10\10\131\32\109\21\43\10\109\175\65\109\175\21\21\178\78\202\169\12\178\249\139\23\73\191\194\133\111\62\4\241\249\139\23\73\191\194\133\111\62\161\161\86\160\160\160\220\128\61\62\62\62\39\61\46\63\59\46\63\61\62\36\38\59\36\38\63\63\54\115\120\114\54\115\120\114\92\114\121\54\122\121\117\119\122\54\132\36\121\99\127\102\134\39\39\146\99\100\148\45\54\114\121\54\122\121\117\161\161\33\160\160\160\239\128\141\65\152\139\140\80\152\103\107\86\120\81\144\131\106\92\73\73\81\74\80\83\72\76\80\83\72\90\65\115\83\142\148\136\145\113\80\80\101\148\147\99\92\152\139\140\80\152\103\107\86\120\81\144\131\106\65\132\143\133\90\65\150\137\136\141\132\65\115\83\142\148\136\145\113\80\80\101\161\160\219\160\160\160\232\80\77\29\23\3\3\3\12\6\16\4\8\16\4\6\3\13\12\8\13\12\4\4\251\63\74\251\45\13\74\80\68\75\43\12\12\31\80\77\29\24\45\13\74\80\68\75\43\12\12\31\80\77\29\6\12\251\64\73\63\251\64\73\63\229\63\74\251\71\74\62\60\161\160\78\160\160\160\234\186\110\146\175\128\183\148\147\127\130\195\197\178\162\197\137\110\178\189\110\186\189\177\175\186\110\188\150\128\131\179\146\153\173\148\152\145\131\139\118\118\118\127\121\127\134\119\123\127\134\119\121\118\129\123\129\119\119\137\110\146\175\128\183\148\147\127\130\195\197\178\162\197\139\161\162\34\163\75\160\197\108\250\184\193\81\238\3\63\244\0\235\193\130\81\108\78\211\130\102\111\75\69\102\130\102\244\69\253\232\81\93\181\138\24\187\241\0\161\162\252\177\145\160\252\112\231\28\160\91\28\40\91\143\109\40\28\126\210\42\6\247\229\159\8\211\143\95\9\164\164\164\44\215\61\44\181\249\61\44\181\215\164\61\180\249\61\180\181\181\231\28\40\162\109\213\94\177\245\61\244\110\95\145\230\112\9\126\210\42\6\247\229\159\8\211\143\95\28\177\74\160\166\28\28\227\228\245\40\177\28\176\142\193\177\28\160\161\160\171\160\160\160\202\26\181\203\203\203\203\20\17\203\239\12\221\20\241\240\220\223\32\34\15\255\34\232\232\211\211\211\220\214\220\223\212\216\220\223\212\214\211\220\227\216\220\161\161\38\160\160\160\223\94\79\79\70\146\142\131\136\44\70\70\70\70\70\70\138\96\135\111\100\131\143\87\158\116\85\99\108\82\91\138\96\135\111\100\131\143\87\158\116\85\99\108\82\77\78\78\87\77\87\95\79\75\87\95\79\44\70\70\70\70\70\70\161\162\42\173\101\160\230\127\88\202\50\50\166\184\23\223\132\75\127\167\66\84\193\171\236\206\76\50\50\167\2\76\167\63\89\50\167\232\115\167\232\63\63\63\115\50\166\184\23\223\132\75\127\167\66\84\193\171\236\206\76\50\50\50\167\2\89\193\63\115\193\63\89\50\206\115\206\161\162\11\171\67\160\220\206\206\206\206\170\170\195\195\27\228\60\206\250\60\206\107\7\131\98\197\107\247\54\49\142\13\2\38\71\18\40\87\167\40\170\195\195\195\49\228\93\206\250\93\206\228\195\38\49\250\38\49\206\206\107\98\175\252\98\107\161\162\220\177\145\160\242\96\77\46\213\130\113\29\80\161\195\128\112\195\233\132\132\63\183\29\148\149\217\29\148\149\252\145\42\128\134\252\252\252\252\145\8\127\145\213\162\252\96\77\46\213\130\113\29\80\161\195\128\112\195\233\233\132\132\132\46\183\29\114\149\217\29\114\149\183\132\80\217\80\149\149\252\144\196\145\42\134\252\161\160\22\160\160\160\201\54\54\54\54\54\127\124\54\62\62\62\62\75\79\65\78\63\67\78\63\65\62\72\73\67\72\73\63\63\67\62\62\75\79\65\76\63\67\76\63\63\161\162\186\163\75\160\213\52\113\50\50\74\56\77\53\59\50\89\65\89\53\53\26\22\242\233\4\26\254\140\221\149\128\233\245\77\34\176\83\137\152\86\113\254\140\221\149\128\233\245\77\34\176\83\137\152\86\59\50\50\161\161\21\160\160\160\198\253\236\254\228\224\252\248\228\224\252\254\253\224\248\224\252\252\245\176\187\177\31\245\245\245\245\245\245\183\167\176\180\190\31\245\245\245\245\161\160\66\160\160\160\217\167\174\181\167\76\98\98\98\98\98\98\164\180\167\163\173\76\98\98\98\98\167\176\166\76\98\98\167\176\166\76\167\176\166\76\180\167\178\167\163\182\98\174\177\165\163\174\98\164\139\119\148\151\136\175\123\177\161\162\64\167\87\160\207\133\182\193\172\158\151\179\235\88\88\88\144\109\179\95\123\179\95\109\88\179\123\179\95\95\221\32\238\63\179\126\147\42\59\207\73\133\182\193\172\158\151\179\235\238\63\179\161\162\205\173\101\160\229\247\30\91\86\178\112\4\95\152\113\87\74\126\252\213\213\213\74\252\178\226\22\178\226\252\213\74\74\22\74\74\226\226\109\190\99\177\34\73\109\199\130\126\247\30\91\86\178\112\4\95\152\113\87\74\126\243\213\213\61\252\178\226\22\178\226\79\73\112\161\162\202\179\187\160\215\35\253\206\42\92\214\34\206\242\147\159\128\176\45\43\42\54\7\42\206\7\35\253\206\42\197\186\205\129\243\233\44\26\7\252\35\166\81\168\168\82\223\73\25\205\148\186\252\243\194\194\242\251\109\90\161\161\213\160\160\160\235\162\184\164\165\162\188\188\174\181\243\17\29\249\173\166\226\167\23\228\168\236\5\4\24\6\16\3\229\250\19\246\161\181\240\251\241\223\249\250\246\244\249\181\13\231\27\5\18\18\10\246\7\16\163\1\224\174\181\241\250\181\249\250\246\244\249\181\226\228\237\3\248\254\31\165\161\161\87\160\160\160\217\42\108\110\98\145\116\124\132\35\102\114\131\134\63\110\98\145\116\124\132\35\102\114\131\134\63\136\144\59\63\113\98\121\116\99\126\120\121\63\62\123\120\116\118\123\55\124\42\38\35\34\44\123\120\116\118\123\161\160\108\160\160\160\240\140\206\169\231\148\148\148\160\151\160\149\153\160\149\151\148\161\153\161\149\149\152\148\148\148\161\151\157\163\149\153\157\163\149\151\148\161\153\161\149\149\152\159\152\148\148\158\161\156\151\160\149\153\160\149\152\148\148\148\158\161\161\151\160\149\153\160\149\151\148\163\153\163\149\149\152\148\148\158\160\161\160\77\160\160\160\196\133\120\126\127\118\122\126\127\118\202\136\179\188\191\109\182\138\117\117\126\120\126\131\118\122\126\131\118\121\112\175\109\177\188\109\185\161\160\114\160\160\160\236\225\213\211\222\146\232\175\212\205\219\207\159\221\173\146\219\216\146\232\174\154\154\154\162\157\169\155\159\169\155\157\154\164\163\159\164\163\155\155\146\230\218\215\224\146\232\175\232\157\154\154\164\167\168\157\163\163\155\159\163\163\155\146\215\224\214\173\146\212\205\219\207\175\229\230\228\161\160\205\160\160\160\210\54\59\52\251\48\53\46\63\245\67\246\237\50\59\49\8\237\63\50\65\66\63\59\237\65\46\47\57\50\251\48\60\59\48\46\65\245\47\246\237\50\59\49\246\245\246\246\249\245\51\161\161\254\160\160\160\232\203\208\221\202\215\209\208\22\23\210\209\221\223\210\30\213\3\22\22\22\8\13\21\15\12\23\19\15\12\23\21\22\15\14\19\15\14\23\23\5\210\209\221\223\210\30\220\3\197\22\22\15\8\15\20\15\23\21\22\13\19\13\23\23\18\22\22\22\15\6\10\21\161\161\223\160\160\160\244\171\182\178\171\182\180\183\174\172\178\174\172\182\182\179\183\183\183\174\168\166\180\174\174\182\178\174\174\182\180\183\166\178\166\182\182\179\183\183\174\169\171\181\174\182\180\183\166\178\166\182\182\226\164\249\240\237\191\246\162\183\183\174\180\174\170\182\178\174\170\182\179\188\253\191\251\240\191\243\240\252\254\243\191\161\161\20\160\160\160\197\162\233\182\207\189\201\249\191\239\244\189\178\244\162\232\252\252\228\254\229\253\255\252\229\229\249\229\229\253\253\244\160\188\177\186\244\162\161\161\184\160\160\160\209\197\14\211\208\208\202\205\206\210\201\209\211\208\206\213\206\209\209\216\29\22\28\195\216\26\227\17\229\197\11\12\10\17\22\31\214\27\16\25\10\208\14\209\216\29\22\28\195\216\161\160\133\160\160\160\216\247\234\249\250\247\243\165\249\230\231\241\234\179\232\244\243\232\230\249\173\231\174\165\234\243\233\174\173\174\174\173\235\201\205\241\189\184\252\183\199\246\177\173\173\182\175\182\174\176\173\186\178\186\174\174\177\161\161\72\160\160\160\238\43\110\140\128\100\48\59\127\58\138\121\33\117\51\40\144\122\134\152\143\143\151\107\154\141\62\156\125\53\127\121\112\158\101\99\130\56\40\109\102\108\66\110\103\122\40\159\151\59\100\114\141\111\145\133\131\151\53\32\32\57\34\57\33\35\32\58\56\37\58\56\33\33\36\43\144\122\134\161\162\207\165\109\160\199\95\50\50\170\190\105\40\221\115\24\111\195\250\1\111\111\235\250\190\180\235\111\125\196\250\49\145\145\60\145\125\140\211\24\220\226\135\240\246\161\160\79\160\160\160\217\111\179\190\111\187\190\178\176\187\111\192\158\128\163\176\177\133\133\180\197\156\163\133\140\167\193\157\159\150\150\174\178\161\148\133\163\196\170\166\174\130\187\201\148\182\168\156\154\174\172\124\128\135\136\138\111\165\161\160\69\160\160\160\201\118\180\191\159\159\142\159\155\158\121\186\174\124\157\178\130\182\148\118\153\166\167\123\123\170\187\146\153\123\101\170\179\169\79\101\101\174\171\101\155\118\161\160\20\160\160\160\217\131\142\110\110\93\110\106\109\72\137\125\75\108\129\80\60\60\68\62\69\61\63\60\72\65\72\61\61\52\136\124\121\130\52\106\69\131\142\110\110\93\110\106\109\72\137\125\75\108\129\81\106\69\131\142\110\110\161\160\75\160\160\160\224\148\165\161\164\127\192\180\130\163\184\118\115\115\125\128\129\117\124\116\118\115\124\128\120\124\128\116\116\107\176\185\175\85\107\107\163\189\153\155\146\146\170\174\157\144\129\159\192\166\162\170\126\183\197\144\178\164\152\150\170\168\136\161\124\161\160\179\160\160\160\249\34\45\13\13\252\13\9\12\231\40\28\234\11\32\189\24\33\23\189\31\34\22\20\31\211\41\233\227\8\9\9\253\0\29\230\28\39\252\1\231\43\189\23\34\189\211\211\31\34\22\20\31\211\9\248\20\34\233\231\27\38\12\25\35\40\240\25\40\33\22\39\28\34\33\219\7\4\12\31\23\233\24\0\236\1\231\231\247\21\161\162\55\181\221\160\237\211\44\82\69\207\94\157\250\199\102\166\191\148\9\19\82\86\44\19\215\166\191\107\128\81\203\123\40\40\90\56\27\220\132\19\107\165\128\136\228\157\123\123\203\65\174\44\82\69\207\94\157\250\199\102\166\191\216\9\215\215\145\128\187\208\145\61\215\166\191\107\128\81\203\123\40\40\161\161\233\160\160\160\231\190\5\200\198\191\17\162\167\222\185\26\218\193\2\1\1\1\24\2\24\16\0\4\24\16\0\2\1\24\31\4\24\31\0\0\227\9\9\204\199\205\227\9\9\197\198\202\200\197\9\199\30\26\211\25\167\186\175\26\26\208\18\9\205\198\9\197\198\202\200\197\161\160\13\160\160\160\234\45\129\123\119\97\81\102\90\96\70\92\78\126\74\53\53\62\56\62\69\54\58\62\69\54\72\45\123\68\64\135\61\91\96\83\64\64\134\74\129\123\119\97\81\102\90\96\70\92\78\126\45\114\123\113\23\45\45\121\124\112\110\121\45\82\115\115\97\80\81\85\80\101\130\161\161\80\160\160\160\212\43\48\116\127\48\124\127\115\113\124\48\129\106\99\155\96\145\159\106\45\107\109\43\48\149\118\118\132\147\148\152\147\136\101\45\129\106\99\155\96\145\159\106\48\117\126\116\90\48\48\149\118\161\162\204\163\75\160\218\254\200\149\152\164\149\212\43\221\68\68\95\77\95\113\71\83\95\113\71\227\131\254\43\22\245\40\7\25\22\68\86\86\86\71\44\34\251\40\43\34\22\44\206\155\239\25\110\104\4\37\215\254\28\43\68\86\86\161\161\69\160\160\160\245\43\44\37\96\107\97\79\37\37\115\51\53\144\147\147\143\136\111\54\108\113\140\139\49\125\56\99\112\107\102\113\108\106\107\45\43\43\43\44\79\37\37\37\37\105\106\102\100\105\37\109\149\156\110\119\103\50\97\140\98\129\50\56\45\45\52\47\52\44\46\45\55\54\40\55\54\44\44\79\37\37\37\37\114\109\161\161\202\160\160\160\243\227\230\239\170\254\248\255\239\170\238\229\192\170\170\170\170\170\170\227\236\170\226\26\19\225\248\232\189\238\3\237\14\189\183\183\162\162\162\187\161\178\163\167\178\163\161\162\187\187\167\187\187\163\163\170\254\226\239\228\192\170\170\170\170\170\170\170\170\248\239\254\255\248\228\170\15\236\236\30\9\14\2\9\161\160\113\160\160\160\240\201\230\204\223\168\164\235\161\191\196\183\164\164\234\206\153\159\159\159\154\123\145\145\145\145\145\145\214\221\228\214\123\145\145\145\145\145\145\145\145\227\214\229\230\227\223\145\223\218\221\123\145\145\145\145\145\145\214\223\213\123\145\145\145\145\214\223\213\123\145\145\214\223\213\123\214\223\213\123\221\161\160\204\160\160\160\215\59\47\45\56\236\58\61\69\24\27\58\0\56\67\68\52\7\236\48\59\236\56\59\47\45\56\236\50\5\67\63\13\21\32\61\37\9\71\73\7\236\58\61\69\24\27\58\0\56\67\68\52\9\50\5\161\162\25\177\145\160\205\0\188\106\242\173\154\2\57\206\103\189\195\189\120\195\57\57\69\120\172\138\69\57\105\122\69\156\192\223\157\124\154\54\156\155\155\4\57\189\120\57\69\120\172\138\161\161\6\160\160\160\219\170\230\171\164\220\178\244\178\207\255\251\238\238\238\247\237\247\247\239\235\247\247\239\237\238\241\235\241\239\239\253\230\214\215\170\213\241\160\194\245\183\203\213\164\164\251\171\164\220\178\244\178\207\255\230\163\168\162\12\161\160\96\160\160\160\234\128\128\215\200\201\204\197\128\176\177\204\179\151\198\164\147\209\173\179\194\194\156\157\131\184\210\174\176\167\167\191\195\178\165\150\180\213\128\196\207\106\128\128\128\128\204\207\195\193\204\128\202\212\191\153\149\170\208\182\204\193\155\128\202\212\191\153\149\170\208\182\204\193\140\161\161\252\160\160\160\232\172\173\208\175\11\218\184\15\205\177\175\222\222\1\202\10\12\169\170\170\182\177\214\15\213\200\181\178\8\196\20\164\206\178\172\187\187\163\223\174\185\10\168\201\16\172\173\208\175\11\218\184\15\205\177\175\222\222\21\246\28\28\28\28\213\218\28\214\200\163\5\9\161\161\79\160\160\160\234\133\127\153\99\110\50\50\39\39\61\37\62\38\36\39\55\34\55\38\38\47\123\103\106\97\69\47\47\47\47\47\47\97\126\118\131\128\97\59\99\120\119\103\148\44\97\126\118\131\128\97\59\99\120\119\103\36\39\39\62\37\62\38\36\39\62\58\34\62\58\38\38\146\50\161\162\181\181\221\160\218\204\208\229\182\103\57\128\98\14\199\229\195\145\170\246\135\85\85\85\85\254\145\36\254\82\19\85\103\57\128\98\14\199\229\195\145\170\182\182\253\253\253\186\60\35\18\102\35\18\60\253\186\14\102\186\14\18\18\161\162\0\165\109\160\230\160\68\8\249\38\50\160\160\160\160\160\160\28\43\239\229\28\160\144\159\89\244\38\99\29\43\220\229\245\169\19\24\79\99\84\33\174\88\220\194\134\249\255\68\245\250\3\9\73\19\220\74\174\63\68\43\13\73\94\220\169\245\84\3\99\48\254\220\58\149\161\162\250\177\145\160\252\161\20\59\174\72\158\107\174\23\191\164\26\26\26\26\26\26\74\125\143\158\72\177\195\89\230\74\91\38\125\161\192\126\93\123\23\125\124\124\7\208\144\42\159\176\176\228\23\4\93\243\174\211\40\110\242\162\210\140\40\74\177\177\73\141\108\143\144\142\191\230\74\91\38\125\161\192\126\93\123\23\125\124\124\179\164\26\26\26\26\26\26\161\161\118\160\160\160\251\87\135\35\129\142\53\49\50\91\32\78\154\38\39\90\37\129\80\50\133\71\59\37\84\84\139\64\128\134\35\32\32\60\59\92\133\95\66\63\56\130\78\158\46\68\56\38\49\49\41\85\36\51\128\34\67\154\38\39\90\37\129\80\50\133\71\59\37\84\84\159\124\150\150\150\150\150\150\44\56\83\133\66\135\132\81\131\67\129\154\38\161\162\246\171\67\160\222\113\154\135\83\88\226\39\209\69\135\44\44\149\8\72\6\157\168\168\36\69\132\39\121\242\25\80\50\30\174\190\220\80\102\3\3\11\55\124\237\72\146\253\218\102\113\154\135\83\88\226\39\209\69\135\44\44\185\100\86\86\86\161\160\44\160\160\160\201\76\76\76\110\130\159\160\155\149\161\114\88\124\125\152\127\99\146\112\95\157\121\127\142\142\105\162\98\92\129\130\130\118\121\150\95\149\160\117\122\96\161\162\22\165\109\160\235\110\222\206\80\156\166\121\121\241\5\176\111\36\186\95\242\166\171\50\181\41\20\106\21\75\151\181\0\0\227\72\182\182\182\182\182\182\191\11\106\25\121\70\20\242\166\171\50\181\41\20\106\21\75\151\181\0\0\71\100\36\6\191\196\196\136\151\40\21\35\90\131\156\26\110\161\161\131\160\160\160\199\107\91\49\77\83\68\68\92\32\81\70\117\87\54\111\83\82\47\80\116\37\71\112\50\78\80\33\33\106\137\99\99\99\99\99\99\49\82\116\161\160\217\160\160\160\205\83\10\77\71\61\58\77\38\78\5\41\42\69\44\16\63\29\12\74\38\44\59\59\22\79\15\9\46\47\47\35\38\67\12\66\77\34\39\13\81\1\49\75\39\41\161\162\21\177\145\160\239\204\204\100\168\135\170\171\169\218\1\101\118\65\152\188\219\153\120\150\50\152\151\151\206\191\53\53\53\53\53\53\65\116\168\134\65\53\82\236\86\67\221\33\33\186\151\0\53\185\116\53\65\116\168\134\65\53\168\221\150\171\100\30\201\137\48\154\151\253\203\34\189\186\86\153\236\204\133\219\161\160\55\160\160\160\227\97\95\95\105\108\109\97\104\96\98\95\105\103\100\105\103\96\96\96\98\169\136\110\177\104\171\165\155\152\171\132\172\114\87\164\158\104\133\127\131\131\140\153\116\154\127\168\109\150\176\171\107\162\108\153\159\141\87\156\165\155\65\87\87\87\87\87\161\162\45\163\75\160\244\141\113\122\86\80\113\141\14\38\140\59\5\113\143\240\80\74\92\204\222\141\89\122\141\113\122\86\80\113\141\8\41\56\44\195\113\89\189\2\228\158\164\222\141\14\38\140\59\5\113\143\240\80\74\92\204\228\8\41\56\44\195\113\89\189\2\141\92\119\89\75\141\141\141\141\141\141\95\122\131\141\41\131\119\161\162\238\177\145\160\244\132\113\251\150\150\47\184\47\167\201\150\47\166\235\47\166\167\167\218\43\197\47\28\182\250\250\147\112\14\146\77\152\14\14\14\14\14\14\14\14\233\113\179\232\182\26\196\63\95\61\163\115\249\130\128\60\132\113\27\218\62\79\26\113\149\180\114\81\111\11\113\112\112\251\196\132\30\147\164\164\216\11\248\81\161\161\216\160\160\160\247\241\236\17\22\172\224\176\0\234\22\8\31\31\7\251\10\29\174\12\237\180\8\9\244\11\175\254\28\171\233\21\11\250\250\177\210\184\184\184\184\184\184\253\246\252\210\184\184\184\184\184\184\246\233\225\20\23\246\172\244\239\224\240\3\187\246\233\225\20\23\246\172\244\239\224\240\179\176\176\169\178\169\177\179\176\160\181\161\160\39\160\160\160\252\95\80\80\132\100\162\150\151\100\145\155\134\96\92\113\151\125\147\136\83\148\100\119\122\108\139\149\110\96\150\83\146\100\136\88\124\94\95\106\110\107\148\125\159\83\136\100\129\117\140\90\155\88\89\142\92\156\94\83\144\136\100\105\125\154\155\150\144\156\109\83\137\100\114\122\156\129\111\147\157\104\136\134\140\92\164\49\71\71\71\71\140\161\160\5\160\160\160\211\113\120\106\15\37\37\37\37\37\37\103\119\106\102\112\15\37\37\37\37\106\115\105\15\37\37\106\115\105\15\106\115\105\15\113\116\104\102\113\37\87\114\118\85\120\87\102\126\111\62\84\161\161\244\160\160\160\242\162\254\208\219\254\20\20\216\219\215\213\216\20\193\160\193\183\174\199\205\210\187\222\6\199\189\9\210\193\218\215\192\221\219\218\28\214\197\166\5\162\194\160\165\214\189\189\221\173\3\24\196\191\205\173\194\195\164\13\7\219\162\185\160\208\186\166\29\254\216\219\215\213\216\20\176\223\4\7\206\3\2\161\161\177\160\160\160\222\5\232\196\231\16\196\199\255\204\217\217\193\219\192\216\218\217\192\197\220\192\197\216\216\187\209\209\29\30\18\16\29\209\31\20\29\246\31\245\20\233\29\31\4\204\217\217\192\218\192\201\216\220\192\201\216\187\209\209\6\25\24\161\161\216\160\160\160\228\244\253\184\250\233\10\169\14\238\12\9\250\17\17\241\1\175\166\176\176\176\168\179\169\168\177\181\169\168\177\179\176\169\175\181\169\175\177\177\184\247\234\184\232\19\225\1\238\239\8\161\171\247\14\21\12\252\22\10\166\176\176\176\168\179\169\175\177\161\162\225\173\101\160\230\42\94\172\246\16\233\94\198\42\94\198\246\246\129\245\132\99\129\129\129\129\93\132\232\206\93\129\50\50\184\72\159\67\223\250\219\158\11\94\63\223\37\254\219\150\150\54\102\172\194\233\233\107\16\120\246\42\120\246\99\129\129\129\129\93\132\232\206\93\129\161\161\57\160\160\160\201\137\127\65\158\109\127\141\76\105\68\137\114\128\96\143\142\105\64\74\150\111\116\109\157\119\107\92\81\81\75\82\72\74\80\84\72\74\80\51\89\89\161\160\187\160\160\160\229\219\219\36\33\219\16\16\46\254\241\37\49\57\248\43\1\243\34\15\1\47\240\11\219\47\35\32\41\219\255\38\235\238\53\242\241\47\20\240\17\28\240\241\9\248\255\38\235\238\53\242\241\47\20\240\17\28\240\241\9\230\41\32\39\2\41\255\32\19\161\162\95\173\101\160\218\219\245\80\255\128\245\115\225\255\255\255\255\89\28\137\220\189\93\163\124\89\20\20\180\228\42\120\103\89\28\137\220\189\93\163\124\89\20\20\180\228\42\168\176\176\54\198\29\193\93\116\194\233\225\255\255\255\255\161\162\201\177\145\160\238\57\196\210\178\159\176\25\146\44\40\127\230\93\109\247\59\214\113\57\196\210\178\159\176\25\146\44\40\127\230\93\109\247\59\198\57\111\129\160\93\111\125\78\25\130\232\113\113\27\164\10\61\130\198\10\61\130\115\233\233\233\233\23\126\245\128\23\77\126\161\245\23\142\214\23\126\245\128\161\162\199\183\71\160\252\169\227\218\175\123\169\74\141\95\95\95\69\164\46\230\118\210\46\230\118\164\95\46\207\210\46\207\118\118\173\167\167\218\169\195\173\167\167\5\218\51\74\5\169\167\227\100\23\92\189\184\161\51\198\138\129\126\138\161\201\173\167\167\218\169\195\173\167\167\123\192\172\126\123\167\146\129\92\5\74\51\46\14\46\238\241\20\167\195\192\167\123\161\162\254\179\187\160\207\59\87\49\2\94\173\249\19\247\58\180\115\77\116\0\68\68\10\133\246\246\161\28\161\9\47\246\161\161\85\161\161\9\9\95\94\21\96\199\116\173\154\161\1\161\97\144\161\160\227\160\160\160\221\32\88\92\26\38\55\21\58\56\85\25\69\69\39\3\72\81\71\237\3\3\79\82\70\68\79\3\80\85\24\93\48\61\19\71\21\84\30\3\71\82\3\79\82\70\68\79\3\79\75\52\72\69\26\57\59\60\53\81\83\69\161\161\91\160\160\160\243\38\96\102\32\59\118\105\46\97\150\129\43\127\41\106\38\119\115\138\126\121\44\141\131\130\137\117\107\121\59\126\117\127\81\59\59\118\105\46\97\150\129\43\127\41\106\128\51\51\42\48\47\50\54\47\50\134\38\125\110\117\120\111\114\116\117\51\53\53\53\50\59\105\126\111\110\105\117\59\110\143\110\152\161\161\109\160\160\160\206\55\94\84\75\34\71\159\94\36\133\131\131\131\132\141\72\67\73\103\141\141\63\64\92\61\94\63\76\84\71\148\34\59\144\75\88\67\78\89\68\66\67\133\131\131\131\161\161\174\160\160\160\224\199\164\206\206\206\206\2\1\13\15\2\206\5\13\241\225\2\26\223\29\252\10\225\247\211\198\198\198\223\197\223\222\199\195\223\222\199\197\198\223\214\195\223\214\199\199\164\206\206\206\206\25\6\7\2\11\206\26\28\27\11\206\10\1\161\162\210\171\67\160\202\64\50\50\50\50\50\50\85\52\50\107\19\231\55\118\206\237\195\88\30\55\165\113\113\138\138\138\237\171\237\58\149\193\237\58\149\171\138\69\193\69\149\161\162\203\177\145\160\208\132\235\127\179\128\25\117\235\235\235\235\235\235\235\235\93\128\127\144\93\25\235\8\93\80\229\232\197\251\111\29\76\214\8\129\46\93\144\127\12\44\12\76\145\248\115\217\217\161\161\170\160\160\160\212\196\195\160\202\202\202\202\202\202\15\6\25\15\160\202\202\202\202\202\202\202\202\24\15\30\31\24\4\202\4\3\6\160\202\202\202\202\202\202\15\4\14\160\202\202\202\202\15\4\14\160\202\161\160\224\160\160\160\223\0\69\78\68\234\69\78\68\234\76\79\67\65\76\0\41\78\37\24\35\35\50\35\21\63\234\68\79\234\0\0\76\79\67\65\76\0\74\19\69\88\36\85\51\73\41\77\23\16\79\52\29\70\85\78\67\84\73\79\78\8\71\55\161\161\247\160\160\160\200\213\198\214\209\217\173\213\211\223\190\160\177\184\30\253\219\216\212\214\219\23\190\1\175\187\218\180\161\1\220\15\1\10\204\202\253\23\23\209\216\161\160\172\160\160\160\242\30\204\25\253\226\21\23\25\28\225\253\246\233\212\212\221\215\222\213\217\222\213\216\207\19\3\14\29\13\18\26\6\14\16\20\245\3\242\251\218\14\204\16\27\182\204\204\204\204\24\27\15\13\24\204\24\37\33\21\24\238\242\20\22\245\255\182\204\204\204\204\21\18\204\19\3\14\29\13\18\26\6\161\160\250\160\160\160\246\92\94\98\67\81\64\73\40\103\55\55\34\34\34\43\37\44\35\39\44\35\37\34\43\44\39\43\44\35\35\26\110\98\95\104\4\26\26\26\26\26\26\102\115\111\99\102\60\64\98\100\67\77\55\76\103\107\74\109\76\91\115\100\51\73\80\34\97\81\92\107\91\96\104\84\92\94\98\67\81\64\73\40\92\85\103\161\161\96\160\160\160\234\49\150\73\75\77\80\149\49\42\61\140\71\55\66\81\65\70\78\58\66\68\72\41\55\38\47\142\75\137\106\128\128\128\128\69\76\83\69\73\70\128\71\55\66\81\65\70\78\58\66\68\72\41\55\38\47\142\77\157\157\136\136\136\146\139\149\137\141\149\137\139\136\146\147\161\160\239\160\160\160\201\28\33\34\24\24\15\99\87\84\93\249\15\15\15\15\15\15\91\104\100\88\91\49\53\87\89\56\66\44\23\23\86\70\81\96\80\85\93\73\81\83\161\161\227\160\160\160\229\203\170\180\165\172\13\193\184\206\178\21\202\200\206\211\22\178\169\190\14\196\180\193\210\194\197\205\185\193\199\203\170\180\165\172\13\200\10\9\196\180\193\210\194\197\205\185\193\199\203\170\180\165\172\13\202\194\10\6\17\22\21\233\3\3\3\3\3\3\161\160\225\160\160\160\239\74\71\1\77\90\86\74\77\35\39\73\75\42\52\29\9\9\9\17\12\24\10\14\24\10\12\9\18\20\14\18\20\10\10\1\85\73\70\79\1\77\90\86\74\77\35\39\73\75\42\52\30\77\90\86\74\77\35\39\73\75\42\52\12\9\9\9\19\22\23\12\21\10\14\21\10\12\9\18\161\162\49\179\187\160\239\193\136\212\193\60\60\145\176\91\157\239\145\145\145\145\176\53\186\176\239\145\145\145\145\145\145\53\44\224\252\53\23\99\233\15\156\90\184\214\166\119\148\100\195\91\223\119\157\233\156\166\99\14\155\119\242\72\52\51\252\34\72\129\32\52\175\24\136\214\166\119\148\100\195\91\223\119\157\233\161\162\12\177\145\160\233\229\211\178\75\26\39\182\44\44\44\44\44\44\5\210\44\56\21\209\5\56\110\178\244\22\229\143\8\180\180\60\214\77\197\231\180\94\94\9\94\94\197\197\44\192\244\193\90\44\56\21\209\5\56\110\178\244\22\229\143\25\56\21\209\5\56\110\178\244\22\229\143\231\161\161\97\160\160\160\240\137\137\147\148\151\139\144\136\138\137\152\140\152\136\136\129\68\79\69\107\129\129\129\129\68\79\69\107\129\129\129\129\40\151\57\45\76\34\55\151\74\153\151\58\76\48\151\72\74\76\81\148\48\43\60\156\88\84\39\66\74\50\149\80\68\53\48\137\62\38\58\137\71\84\79\66\85\72\78\79\161\162\201\171\67\160\199\129\140\109\142\10\244\109\41\98\104\129\129\239\228\27\151\228\140\162\129\228\5\184\228\5\140\140\82\109\142\10\244\109\41\255\104\18\129\129\161\162\69\167\87\160\247\198\184\107\156\100\114\93\156\156\128\156\156\100\100\121\93\93\198\191\114\163\100\128\163\100\121\93\93\198\177\107\156\100\114\93\156\184\128\156\184\100\100\121\93\93\93\191\184\114\156\170\100\128\156\170\100\114\93\212\128\212\100\100\121\93\93\198\149\107\156\100\114\93\156\198\128\156\198\100\100\121\93\93\93\191\170\114\161\162\132\181\221\160\236\137\116\225\53\137\116\225\11\204\137\221\53\137\221\225\225\197\91\226\159\222\36\33\133\204\204\204\137\11\137\158\225\53\137\158\225\11\204\137\28\53\137\28\225\225\32\99\142\36\184\159\36\96\159\163\121\96\36\50\133\142\251\33\37\53\75\91\36\33\226\36\50\112\204\204\204\161\162\223\177\145\160\216\15\186\49\152\220\49\152\186\135\49\15\220\49\15\152\152\255\147\199\148\45\255\181\236\181\186\49\100\117\255\148\45\131\202\255\97\234\216\12\236\130\147\113\216\45\182\237\114\199\80\113\135\181\152\255\148\161\160\238\160\160\160\214\92\82\41\14\96\83\98\99\96\92\14\98\79\80\90\83\28\81\93\92\81\79\98\22\80\23\14\83\92\82\23\22\23\75\26\22\84\99\92\81\98\87\93\92\22\23\90\93\81\79\90\14\89\43\161\160\10\160\160\160\204\50\50\66\59\53\59\66\51\55\59\66\51\69\118\121\109\107\118\42\108\71\133\50\50\59\66\58\52\59\51\53\50\59\60\55\59\60\51\51\54\50\50\59\66\161\161\70\160\160\160\230\51\44\55\47\45\46\55\49\43\55\49\47\47\42\46\46\55\49\62\45\55\50\47\43\55\50\47\42\46\46\55\63\51\44\55\47\45\46\55\62\43\55\62\47\47\123\61\96\105\116\38\111\59\46\46\46\55\45\55\52\47\43\55\52\47\45\46\48\43\48\161\161\25\160\160\160\248\240\240\245\250\187\249\189\182\249\181\182\186\184\181\249\175\228\187\194\176\196\244\178\226\249\176\191\249\175\229\241\241\241\233\242\224\240\244\224\240\242\241\235\234\244\235\234\240\240\249\173\177\188\183\249\175\228\175\242\241\241\241\235\236\239\242\232\235\240\244\232\235\240\242\241\235\235\244\235\235\240\240\249\188\183\189\226\249\161\161\203\160\160\160\251\233\16\226\22\182\248\255\249\226\229\236\165\232\227\234\249\163\253\162\171\238\229\239\176\171\249\238\255\254\249\229\171\255\234\233\231\238\165\232\228\229\232\234\255\163\233\162\171\238\229\239\162\163\162\162\163\231\242\254\226\231\9\13\227\225\2\24\162\193\171\171\238\229\239\193\171\171\249\238\255\254\249\229\171\242\254\13\232\224\24\191\161\160\236\160\160\160\212\93\81\64\61\20\101\97\50\79\87\63\32\93\81\64\61\20\75\51\24\20\82\97\90\79\96\85\91\90\20\21\88\91\79\77\88\12\87\41\29\29\29\39\88\91\79\77\88\12\78\41\103\161\160\116\160\160\160\240\156\156\166\166\171\159\165\164\157\161\165\164\157\160\156\156\166\164\172\159\165\171\157\161\165\171\157\160\156\156\156\166\164\173\159\165\170\157\161\165\170\157\159\156\166\165\161\166\165\157\157\160\166\165\173\160\156\156\166\165\166\158\165\157\159\156\165\170\161\165\170\157\157\241\175\218\227\230\148\221\161\161\25\160\160\160\208\228\241\241\232\243\232\240\242\241\235\234\244\235\234\240\240\245\250\187\249\189\182\249\181\182\186\184\181\249\175\228\187\194\176\196\244\178\226\249\176\191\249\175\229\241\241\233\243\161\160\198\160\160\160\212\247\239\241\238\249\243\249\239\239\230\58\46\43\52\230\60\3\60\241\238\238\238\248\251\252\241\247\250\239\243\247\250\239\241\238\248\248\243\248\248\239\239\230\43\52\42\1\230\40\33\47\35\161\160\229\160\160\160\218\34\88\89\87\78\83\76\19\72\77\70\87\13\91\14\5\74\83\73\32\5\87\74\89\90\87\83\5\89\70\71\81\74\19\72\84\83\72\70\89\13\71\14\5\74\83\73\14\13\14\14\17\7\65\30\30\65\22\161\162\15\179\187\160\207\178\178\227\178\178\159\227\74\74\227\74\36\227\178\178\17\149\26\7\122\17\151\179\38\8\113\17\0\55\17\26\205\111\111\142\57\123\205\111\111\19\76\104\66\19\111\29\161\162\242\163\75\160\220\136\139\57\133\223\148\244\235\72\232\163\82\30\63\82\54\63\27\21\54\82\184\60\33\66\133\196\33\226\241\169\133\163\82\96\136\139\57\133\223\148\244\235\72\232\169\184\60\33\66\133\196\33\226\241\82\33\60\30\16\161\160\122\160\160\160\225\154\154\230\233\221\219\230\154\223\231\231\177\202\175\219\211\243\238\181\154\222\233\154\230\233\221\219\230\154\217\242\222\201\244\239\232\237\183\245\247\181\154\223\231\231\177\202\175\219\211\243\238\183\217\242\222\201\244\239\232\237\154\223\232\222\161\160\25\160\160\160\218\35\57\57\126\134\134\80\105\78\122\114\146\141\116\65\65\74\68\74\77\66\70\74\77\66\118\86\127\142\135\124\141\130\136\135\65\71\71\71\66\57\139\126\141\142\139\135\57\131\76\126\145\93\142\108\130\98\134\161\162\25\177\145\160\239\192\73\120\173\193\39\39\39\210\57\206\103\189\195\57\57\242\103\174\209\140\140\139\140\158\104\38\223\222\103\172\205\18\120\103\193\39\39\39\210\195\57\57\57\57\69\120\172\138\69\57\137\103\141\20\207\139\103\205\171\2\38\193\193\193\90\244\90\107\210\22\90\107\210\244\193\107\124\22\161\160\170\160\160\160\252\220\221\211\211\180\202\202\202\202\33\18\19\22\15\202\30\28\31\15\202\14\25\180\202\202\202\202\202\202\19\16\202\26\24\222\245\0\252\24\30\28\3\231\231\210\210\219\212\219\211\213\210\222\215\222\211\211\202\30\18\15\24\180\202\202\202\202\202\202\202\202\28\15\30\31\28\24\202\15\23\23\225\250\223\11\3\35\30\5\36\220\221\161\162\85\171\67\160\230\4\112\186\167\7\230\59\219\84\13\79\79\79\24\195\181\181\181\181\181\181\172\249\70\172\195\181\181\181\181\181\181\181\181\59\172\81\92\59\15\181\15\216\249\195\181\181\181\181\181\181\172\15\161\195\181\181\181\181\172\15\161\195\181\181\172\15\161\195\172\161\161\209\160\160\160\212\255\245\219\253\254\242\240\253\177\23\23\11\168\242\254\30\247\8\168\24\219\245\254\219\177\177\253\254\242\240\253\177\246\27\9\5\253\250\166\30\246\160\30\14\254\255\172\247\228\255\242\229\161\161\117\160\160\160\238\92\90\91\157\60\38\51\52\47\134\42\135\70\90\81\49\87\59\83\156\127\89\90\86\84\89\149\45\32\133\59\61\135\82\59\133\92\94\141\133\49\132\136\78\72\127\149\149\83\90\71\149\89\55\35\87\37\141\34\50\91\136\157\157\132\159\132\156\158\157\129\152\129\156\156\153\150\60\161\160\113\160\160\160\237\196\183\178\203\164\208\163\228\224\213\181\211\191\215\145\213\224\145\201\198\161\191\185\163\216\191\161\218\220\169\161\181\162\204\221\179\199\211\193\169\200\184\223\206\174\234\230\183\212\220\196\165\226\214\197\194\153\234\230\183\212\220\196\165\226\214\197\194\153\208\184\157\153\215\230\223\212\161\162\173\165\109\160\210\241\186\216\211\117\122\201\216\156\146\201\77\196\222\117\117\167\157\162\132\182\122\142\182\122\212\201\216\156\146\201\77\151\222\20\117\117\117\187\157\132\162\177\122\142\162\177\122\132\117\161\160\81\160\160\160\205\130\131\126\130\131\122\122\125\135\130\125\121\121\134\138\124\130\137\122\126\130\137\122\125\121\121\134\129\123\130\122\124\121\133\126\133\122\122\125\121\121\134\134\124\130\161\160\37\160\160\160\234\86\78\82\86\86\78\81\77\77\89\93\79\86\78\80\77\86\85\82\86\85\78\78\162\96\139\148\151\69\142\98\77\77\77\86\80\93\78\82\93\78\80\77\86\85\82\86\85\78\78\81\72\135\69\137\148\69\145\148\136\134\145\69\155\98\135\128\142\130\82\144\96\69\142\161\162\18\179\187\160\217\164\114\212\134\10\10\162\67\181\58\29\105\181\58\29\114\174\202\145\60\114\212\153\212\67\200\1\20\114\145\60\126\115\114\88\211\221\249\153\155\174\136\221\60\183\124\107\202\69\136\10\212\29\114\145\60\126\161\160\169\160\160\160\221\228\201\27\14\29\30\27\23\201\29\10\11\21\14\215\12\24\23\12\10\29\209\11\210\201\14\23\13\210\209\210\210\213\209\15\30\23\12\29\18\24\23\209\210\21\24\12\10\21\201\20\230\209\209\219\219\223\211\218\210\212\161\162\182\173\101\160\198\190\64\38\255\64\38\203\203\181\50\89\189\163\50\86\176\207\245\190\190\116\155\216\51\203\229\190\51\116\255\51\116\203\203\242\190\190\129\161\162\245\183\71\160\226\161\187\92\164\210\141\115\92\0\115\92\164\164\233\141\141\141\207\230\210\253\164\0\253\164\210\141\138\0\138\164\164\233\141\141\141\253\161\210\138\164\0\138\164\210\141\230\0\230\164\164\48\66\31\238\51\213\100\112\92\233\26\195\213\241\238\161\161\46\160\160\160\198\78\130\129\141\143\130\78\152\83\140\117\135\115\67\133\85\78\135\136\78\152\82\70\70\94\69\95\86\71\67\95\86\71\78\154\134\139\128\161\160\216\160\160\160\200\248\78\21\78\3\0\0\10\13\14\2\9\1\3\0\9\15\5\9\15\1\1\248\61\70\60\19\248\58\51\65\53\21\75\76\74\65\70\63\6\161\162\228\173\101\160\198\235\44\209\174\236\226\249\132\5\122\248\227\132\174\5\200\213\174\122\132\200\209\222\96\5\58\235\135\122\235\209\200\236\222\249\132\5\122\161\161\31\160\160\160\239\187\246\247\246\246\247\214\204\217\222\197\236\192\237\172\176\187\219\189\209\185\196\179\221\201\189\207\231\200\216\177\194\246\255\186\177\187\21\255\255\173\186\171\170\173\177\255\166\170\217\188\180\204\235\174\186\203\206\247\166\170\217\188\180\204\235\174\186\203\206\247\192\216\243\247\185\170\177\188\161\160\47\160\160\160\200\163\152\158\157\87\88\155\158\146\144\155\79\154\108\87\87\99\98\90\96\95\88\92\96\95\88\106\155\158\146\144\155\79\145\108\170\87\87\96\100\161\162\240\177\145\160\228\185\186\49\169\203\152\66\83\237\66\83\169\169\220\152\152\49\100\32\203\49\168\169\237\49\168\169\220\152\152\49\100\49\203\49\151\169\237\49\151\169\220\152\152\49\117\49\186\49\169\203\152\49\83\237\49\83\169\169\220\152\152\49\100\100\203\49\49\161\160\252\160\160\160\249\37\41\45\45\37\121\55\98\107\110\28\101\57\45\40\31\94\28\96\107\28\104\107\95\93\104\28\114\57\94\87\101\89\41\103\55\28\101\98\28\114\56\36\36\36\44\39\45\50\37\41\45\50\37\39\36\45\52\41\45\52\37\37\28\112\100\97\106\28\114\57\114\39\36\36\46\49\50\39\45\51\37\41\45\51\37\28\97\106\161\162\71\177\145\160\212\235\50\103\201\82\64\116\84\234\251\217\64\149\30\85\218\47\184\217\239\29\0\103\252\149\235\50\103\217\252\251\12\217\149\103\251\184\201\115\252\85\218\166\149\218\184\251\239\201\0\103\252\161\162\1\171\67\160\219\187\77\196\185\196\196\229\185\99\8\187\66\253\132\198\187\185\196\165\198\66\44\165\97\154\160\185\185\28\116\72\218\28\116\196\240\28\116\196\138\165\198\66\44\165\97\55\160\74\185\185\50\105\207\28\196\218\185\28\161\160\223\160\160\160\221\20\12\16\20\8\8\11\7\7\20\15\10\16\23\8\12\16\23\8\11\7\7\19\24\10\24\8\12\24\8\11\7\7\7\18\23\10\18\8\12\18\8\10\7\20\12\20\8\8\11\7\7\18\21\9\16\8\10\7\16\16\161\161\9\160\160\160\202\228\248\248\224\224\229\225\225\252\252\227\248\224\226\225\248\240\228\248\240\224\224\180\242\175\166\187\233\160\244\225\225\248\227\248\224\226\225\251\249\228\251\161\160\42\160\160\160\221\90\83\83\86\77\140\74\142\153\74\150\153\141\139\150\74\160\103\140\133\147\135\87\149\101\74\147\144\74\160\102\90\74\158\146\143\152\74\160\103\160\85\82\82\82\92\95\96\85\95\83\87\95\83\85\82\95\87\95\83\83\161\162\228\177\145\160\234\4\153\50\136\207\4\102\239\221\17\241\135\152\118\221\50\187\242\119\204\85\118\140\186\157\4\153\50\136\207\4\118\153\152\169\118\50\4\152\85\102\16\153\242\119\67\50\119\85\152\140\102\157\4\153\50\136\157\140\157\157\140\188\137\20\18\172\54\187\18\20\221\255\156\161\162\239\171\67\160\233\255\219\10\178\93\79\79\70\169\59\93\79\79\147\180\48\26\147\79\7\21\32\230\26\230\150\73\252\241\120\79\59\180\79\147\180\48\26\147\79\84\194\136\106\54\205\172\32\54\21\197\32\142\167\167\10\200\87\178\222\87\178\120\79\7\21\32\230\26\230\150\73\252\161\162\222\183\71\160\205\40\89\247\221\123\37\161\244\175\115\161\92\204\115\190\241\192\218\196\190\190\146\215\195\149\146\190\143\227\244\28\169\178\5\31\244\166\212\89\235\25\196\190\190\143\161\161\225\160\160\160\234\162\187\211\204\173\208\198\187\217\219\186\9\9\16\10\20\8\12\20\8\188\28\199\212\207\194\213\200\206\207\9\15\15\15\8\1\211\196\213\212\211\207\1\198\171\185\181\205\202\22\174\198\16\174\190\206\207\9\15\15\15\8\1\196\207\197\235\1\1\167\167\187\24\194\161\161\192\160\160\160\238\239\15\230\25\185\9\189\230\245\238\227\244\233\239\238\168\174\174\174\169\202\160\160\160\160\236\239\227\225\236\160\231\181\178\15\20\7\177\20\181\248\189\168\168\177\171\177\180\169\173\177\180\169\202\160\160\160\160\247\232\233\236\229\160\244\242\245\229\160\228\239\202\160\160\160\160\160\160\161\160\100\160\160\160\214\205\202\132\203\153\150\179\184\171\149\184\153\220\161\161\140\140\149\142\149\141\143\140\149\156\145\149\156\141\141\132\216\204\201\210\110\132\132\132\132\132\132\132\132\214\201\216\217\214\210\132\219\167\190\161\161\251\160\160\160\229\201\214\183\202\220\161\195\193\160\179\9\8\190\218\190\174\181\188\189\166\19\21\21\21\18\241\27\27\27\27\27\27\222\215\200\222\241\27\27\27\27\27\27\27\27\201\222\207\206\201\213\27\213\210\215\241\27\27\27\27\27\27\222\213\223\241\27\27\27\161\162\110\177\145\160\229\142\35\188\18\24\142\142\35\188\18\24\35\188\18\24\154\205\1\223\154\142\191\34\239\208\35\69\53\34\2\173\137\190\122\3\243\89\142\18\205\142\154\205\1\223\154\142\224\119\209\88\2\226\102\158\119\21\123\189\37\89\142\191\34\239\208\35\69\53\161\162\10\163\75\160\215\102\6\247\75\250\238\217\169\193\0\117\163\232\6\166\114\154\117\175\106\57\84\54\40\78\87\51\45\78\106\12\57\169\105\232\157\102\96\18\0\154\12\211\205\15\193\60\105\84\51\102\69\87\84\130\161\161\243\160\160\160\214\183\178\196\191\198\196\7\194\185\5\203\171\31\217\169\184\222\1\190\197\214\195\166\26\19\193\214\199\198\193\221\19\183\178\196\191\198\196\7\194\185\5\203\171\168\217\169\184\222\1\190\197\214\195\161\162\198\167\87\160\204\25\81\166\137\200\130\12\186\207\123\109\186\166\179\155\78\249\25\253\151\253\221\71\99\166\130\207\166\186\207\123\109\186\166\169\130\239\179\130\204\179\116\113\141\161\161\70\160\160\160\196\114\119\132\99\97\145\114\146\137\109\150\138\131\51\157\128\128\156\63\101\105\137\96\159\63\143\46\125\46\46\55\54\53\44\55\47\161\161\87\160\160\160\198\60\63\37\37\58\37\37\62\62\59\63\63\63\38\39\38\60\36\62\58\36\62\60\63\37\39\58\37\39\62\62\59\63\63\63\38\38\33\161\161\196\160\160\160\234\175\181\188\173\169\181\188\173\175\172\176\169\176\173\173\168\172\172\172\181\180\182\175\176\173\169\176\173\175\172\182\183\169\182\183\173\173\168\172\172\181\180\181\175\188\173\169\188\173\168\172\172\181\181\180\174\181\173\175\172\183\169\183\173\173\168\172\172\181\181\188\175\178\173\161\162\76\171\67\160\197\59\158\15\171\15\75\213\172\229\45\180\83\243\199\185\199\39\169\235\67\152\177\229\152\122\229\130\172\163\6\152\186\207\174\172\229\45\161\161\42\160\160\160\249\82\159\127\123\141\123\155\93\74\158\130\143\132\32\74\74\107\158\155\104\143\141\125\158\126\101\129\122\102\111\95\87\129\105\82\159\127\123\141\123\155\93\66\67\32\143\134\153\143\131\140\74\117\111\100\124\74\158\130\143\132\32\74\74\107\158\155\104\143\141\125\158\126\101\129\122\102\111\95\87\117\111\100\124\32\143\132\142\32\161\160\29\160\160\160\218\137\140\128\126\137\61\141\111\104\101\134\131\126\136\85\134\149\88\61\129\140\61\137\140\128\126\137\61\107\105\131\135\132\104\135\97\82\90\152\39\61\61\99\99\119\86\128\140\108\131\118\86\102\69\152\69\69\69\161\162\120\183\71\160\218\223\200\128\85\223\59\39\131\223\59\39\85\16\128\131\128\39\39\108\16\16\223\223\223\62\223\39\85\16\223\105\131\223\105\39\39\108\16\16\16\151\105\85\151\39\131\151\39\85\16\223\59\131\223\59\39\39\108\161\161\6\160\160\160\202\238\238\238\247\246\246\237\255\239\235\255\239\237\238\254\235\254\239\239\187\239\234\12\230\230\192\192\220\255\165\169\201\160\223\255\207\238\189\247\247\243\234\161\160\244\160\160\160\212\28\28\37\37\42\31\37\39\29\33\37\39\29\32\37\37\40\32\28\28\28\37\36\41\31\41\29\33\41\29\31\28\42\33\42\29\29\32\28\28\37\37\36\30\37\29\31\28\37\43\33\37\161\160\177\160\160\160\214\232\218\218\221\226\225\228\46\218\221\187\209\209\247\247\11\234\20\32\0\23\10\234\250\217\44\217\217\217\226\226\231\220\226\226\218\222\226\226\218\220\217\226\230\222\226\230\218\218\221\217\217\234\232\161\161\241\160\160\160\223\27\0\24\26\25\3\3\28\3\3\24\24\29\25\25\25\8\9\26\4\24\28\4\24\26\25\3\1\28\3\1\24\24\29\25\25\0\1\9\27\0\24\26\25\0\0\28\0\0\24\24\29\0\1\0\204\24\29\251\17\17\183\183\161\162\43\163\75\160\211\57\214\84\120\24\93\54\214\6\163\156\163\163\214\214\169\190\166\172\163\202\178\202\166\166\175\163\163\190\187\199\172\199\166\178\199\166\175\163\163\214\208\172\190\187\166\178\190\187\166\175\161\161\27\160\160\160\252\243\243\234\234\239\240\232\242\246\232\242\166\242\247\17\251\251\221\221\193\226\184\180\212\189\194\226\210\243\160\243\243\243\226\226\240\232\242\246\232\242\240\243\239\246\239\242\242\247\243\243\243\234\234\234\240\233\242\246\233\242\240\243\234\227\246\234\227\242\242\247\243\243\243\234\234\235\240\234\232\242\246\234\232\242\240\243\234\233\246\234\233\161\162\131\173\101\160\224\152\152\191\104\104\191\139\139\104\78\165\0\152\178\139\0\243\204\0\243\152\152\191\0\0\65\220\152\5\220\130\35\51\173\82\43\216\177\112\242\91\216\155\156\121\95\177\229\190\82\229\247\52\35\164\25\151\5\255\38\138\112\255\35\161\160\184\160\160\160\224\8\252\253\14\40\49\41\29\25\236\26\15\243\216\28\39\216\36\39\27\25\36\216\45\11\1\236\0\29\253\25\18\38\16\245\14\29\237\45\2\233\44\42\16\10\232\14\251\249\15\224\249\44\41\250\29\31\15\44\12\7\35\8\4\161\161\6\160\160\160\234\195\243\234\182\212\205\206\175\160\167\173\254\175\190\221\247\219\239\253\230\214\194\195\208\182\191\183\163\167\242\164\209\251\179\213\207\242\206\163\195\167\220\168\222\230\163\168\162\12\170\169\165\167\170\230\172\244\255\192\255\192\223\165\211\190\254\241\211\207\253\230\162\169\230\161\162\218\173\101\160\201\86\125\225\199\86\122\17\104\39\69\139\173\199\221\117\117\34\73\243\56\251\139\203\156\87\190\164\82\4\74\56\65\39\69\226\39\190\151\52\251\21\161\162\61\183\71\160\219\14\169\201\86\218\109\17\112\0\49\77\155\250\181\172\103\244\218\69\172\5\106\213\213\187\3\164\236\26\213\164\69\72\164\69\236\236\152\236\29\54\123\29\146\169\123\172\31\126\138\29\195\187\92\135\92\135\60\34\161\160\70\160\160\160\234\155\190\126\125\155\143\131\153\140\135\157\123\165\167\149\141\141\174\177\102\171\180\170\80\178\181\169\167\178\102\189\174\180\157\139\153\174\178\169\120\167\188\187\127\129\102\170\181\102\178\181\169\167\178\102\145\185\149\188\136\118\149\155\131\156\171\123\187\144\119\186\184\158\152\161\160\41\160\160\160\206\89\127\108\106\128\81\106\157\154\107\142\144\128\157\125\120\148\121\117\110\94\85\153\123\116\113\146\143\138\148\97\146\161\132\81\81\81\92\84\90\93\82\86\90\93\82\161\160\61\160\160\160\243\104\101\111\109\106\111\109\102\102\154\102\93\172\175\93\177\158\159\169\162\120\93\180\165\171\148\130\144\165\169\160\111\158\179\178\118\122\136\176\140\179\127\109\140\146\93\162\171\161\71\169\172\160\158\169\93\156\139\180\180\126\118\115\135\179\145\109\120\93\161\172\93\169\172\160\158\169\93\173\142\182\109\142\161\160\68\160\160\160\224\119\140\147\182\151\125\143\129\154\169\121\185\142\117\184\182\156\150\116\154\135\133\155\108\174\118\125\138\125\138\157\167\153\188\124\123\153\141\112\180\150\143\140\173\170\165\175\124\173\188\159\108\108\120\111\122\109\113\122\109\161\109\127\100\161\160\187\160\160\160\237\26\9\50\50\252\244\241\5\49\15\235\248\43\12\52\235\12\238\3\10\45\14\244\6\219\32\41\31\197\39\42\30\28\39\219\3\243\35\43\241\42\17\42\29\237\21\246\219\31\42\219\39\42\30\28\39\219\52\3\37\49\40\40\240\44\14\48\2\15\248\17\32\240\48\5\236\47\161\162\245\163\75\160\234\75\253\235\133\247\190\184\250\109\90\45\63\250\196\238\45\57\30\139\24\87\84\160\121\69\235\214\205\48\39\24\54\157\48\93\6\109\109\109\148\118\136\148\112\124\136\148\112\118\109\142\124\142\112\112\12\112\166\85\205\157\45\69\151\66\247\66\27\139\3\172\96\205\51\161\162\114\167\87\160\217\172\109\109\229\137\183\165\99\190\82\53\116\46\184\102\123\39\25\102\82\53\32\134\179\78\102\116\172\11\106\15\82\46\123\82\102\123\39\25\102\82\165\11\106\88\85\144\183\194\57\232\236\162\148\29\207\221\161\162\205\179\187\160\216\46\45\76\19\113\162\217\209\247\143\218\37\84\124\218\37\171\236\67\246\93\160\123\207\189\151\45\76\247\57\139\209\10\38\0\209\45\255\113\9\10\133\29\255\181\236\162\245\190\19\255\143\29\46\45\57\161\162\235\181\221\160\232\6\139\199\6\10\224\199\139\136\10\81\10\178\31\123\69\132\236\51\51\240\93\240\72\114\51\240\240\156\240\240\72\72\194\139\169\39\207\6\115\27\169\195\148\174\131\178\245\169\153\27\236\136\10\81\10\178\31\123\69\132\139\52\241\31\189\199\6\10\224\199\139\161\161\51\160\160\160\252\106\119\114\122\103\148\125\125\152\148\72\83\151\156\83\159\156\144\146\159\83\116\125\135\98\117\121\150\146\134\151\156\78\157\154\159\72\83\106\119\114\122\103\148\125\125\152\148\78\116\125\135\98\117\121\150\146\134\151\156\83\150\157\151\57\159\156\144\146\159\83\134\66\108\146\123\112\106\69\107\96\113\131\134\72\83\151\156\83\159\156\144\161\161\37\160\160\160\212\132\137\69\156\107\108\103\84\111\131\150\88\77\77\84\78\81\76\72\81\76\94\69\144\84\122\132\109\102\124\83\125\118\103\149\144\88\156\107\108\103\84\111\131\150\69\128\139\129\47\137\138\161\160\128\160\160\160\223\227\225\236\160\217\200\208\185\238\247\176\214\193\185\195\205\213\235\187\160\228\239\160\236\239\227\225\236\160\231\229\185\203\213\182\243\240\189\176\187\160\217\200\208\185\238\247\176\214\193\185\195\205\213\235\189\231\229\185\203\213\182\243\161\160\111\160\160\160\222\223\143\212\221\211\121\219\222\210\208\219\143\180\217\184\162\233\191\160\184\166\181\164\208\176\194\216\172\234\236\121\219\222\210\208\219\143\200\165\167\186\229\218\159\181\219\224\183\159\225\170\143\211\222\143\219\222\210\208\219\143\193\161\161\130\160\160\160\239\37\35\87\74\86\70\73\49\127\57\89\106\106\115\105\112\107\111\112\107\95\127\106\106\115\118\112\104\115\107\105\106\112\112\111\112\112\107\107\110\89\106\106\106\112\105\123\107\111\123\107\105\106\112\112\111\112\112\107\107\95\127\106\106\106\112\115\117\105\112\107\111\112\107\105\106\123\111\123\161\161\228\160\160\160\237\13\13\217\31\4\189\18\28\175\210\207\20\162\200\213\172\20\214\25\182\195\197\177\172\176\160\175\215\4\193\202\192\238\161\206\173\23\222\180\21\173\19\162\17\197\165\183\205\191\189\18\28\175\210\207\20\162\200\213\172\20\214\191\12\12\21\14\21\13\15\12\21\17\9\21\17\13\161\161\182\160\160\160\232\223\235\235\203\16\3\24\21\2\31\25\24\222\236\24\241\193\25\207\224\21\18\2\247\207\20\233\223\188\214\214\19\20\250\1\242\26\24\0\233\254\237\213\19\20\250\1\242\26\24\0\233\254\221\222\222\199\221\199\197\223\219\199\197\223\235\203\255\24\243\206\245\161\162\97\177\145\160\235\212\211\212\230\176\9\91\175\24\8\192\42\23\244\5\21\178\42\227\176\26\11\129\129\7\109\245\192\73\209\7\89\246\72\25\124\227\7\55\209\110\7\109\245\192\73\209\7\89\246\72\25\124\227\7\55\209\60\9\9\162\43\162\26\60\9\8\94\8\26\26\11\129\129\38\161\160\251\160\160\160\213\44\90\92\67\62\84\49\83\78\61\107\112\56\44\5\96\105\95\5\64\101\68\46\117\75\44\68\50\65\48\92\60\78\100\86\84\49\51\70\113\102\43\65\103\108\67\43\109\86\35\35\35\45\161\161\221\160\160\160\239\182\174\180\176\174\180\182\181\170\176\170\180\180\0\0\160\251\232\243\254\233\244\242\243\181\180\215\189\189\241\242\254\252\241\189\8\31\11\244\10\30\11\25\17\249\174\236\10\252\171\248\160\21\165\245\237\171\242\11\242\255\175\7\181\248\255\17\234\25\241\243\235\2\21\180\215\189\189\241\161\161\83\160\160\160\241\124\112\114\127\51\150\33\100\117\133\114\113\145\100\106\102\132\63\157\153\101\134\121\98\118\33\133\102\42\117\134\153\46\131\151\150\133\99\106\98\118\114\39\113\132\59\134\145\133\122\132\144\133\151\159\119\32\98\132\114\37\118\63\125\122\127\63\121\121\139\36\118\134\130\157\131\149\128\59\59\42\161\160\51\160\160\160\234\94\101\108\96\101\108\92\92\95\116\167\164\117\152\154\138\167\135\130\158\131\127\120\104\92\61\83\83\156\153\83\161\162\167\83\120\101\170\153\137\148\149\117\170\172\168\138\83\167\155\152\161\83\172\168\121\150\158\134\103\164\152\135\132\91\146\122\95\91\153\168\161\150\167\161\162\45\165\109\160\218\58\88\83\245\250\73\88\28\18\73\205\68\94\245\245\44\34\4\39\250\14\39\250\84\73\88\28\18\73\205\23\94\148\245\245\34\44\39\255\34\250\4\245\34\69\14\34\69\250\250\9\245\245\34\49\54\255\34\161\161\193\160\160\160\225\168\170\169\176\182\172\176\182\168\168\173\169\169\176\181\180\170\183\168\172\183\168\173\169\169\169\176\181\179\170\176\177\168\172\176\177\168\170\169\179\176\172\179\176\168\168\173\169\169\176\181\180\171\176\168\170\169\176\179\172\176\179\168\168\252\161\161\119\160\160\160\226\140\81\88\69\151\94\138\159\159\134\157\134\158\156\159\130\154\130\158\158\155\148\85\151\83\88\151\91\88\84\86\91\151\65\138\85\44\94\42\154\92\140\151\94\81\151\65\139\135\151\67\95\82\89\151\65\138\65\156\159\159\133\130\129\156\134\161\160\79\160\160\160\201\127\120\124\128\127\120\111\180\189\179\138\111\177\170\184\172\140\194\195\193\184\189\182\125\178\183\176\193\119\197\120\111\180\189\179\138\111\193\180\195\196\161\162\253\177\145\160\209\143\75\29\177\110\127\41\178\11\144\92\75\144\110\177\165\127\182\29\178\75\161\182\165\182\182\165\43\231\211\162\7\126\178\79\179\194\198\195\162\231\182\29\178\75\161\167\29\29\161\162\177\177\145\160\215\70\3\152\119\103\34\51\19\152\186\118\120\89\106\91\209\209\118\242\0\34\121\36\154\71\137\52\19\33\118\190\89\89\122\122\123\242\106\140\89\3\225\174\3\225\106\106\91\102\255\85\91\70\187\138\161\160\40\160\160\160\211\91\162\120\89\113\95\110\93\137\105\123\145\131\88\133\101\142\157\150\139\156\145\151\150\80\81\50\72\72\157\89\135\137\112\107\129\94\128\123\106\152\157\101\80\80\97\97\83\89\89\81\161\160\216\160\160\160\250\5\9\9\1\226\61\70\60\226\79\64\65\68\61\248\76\74\77\61\248\60\71\226\248\248\65\62\248\77\9\55\57\32\27\49\14\48\43\26\72\77\21\21\0\0\9\2\9\1\3\0\13\5\13\1\1\248\76\64\61\70\226\248\248\248\248\49\28\25\33\44\63\38\38\67\63\21\70\73\81\36\39\70\12\68\79\80\64\51\30\161\161\242\160\160\160\223\190\166\221\218\194\180\202\183\197\10\217\208\180\196\194\175\248\18\18\18\18\219\212\18\220\221\198\18\171\182\179\187\166\213\188\188\217\213\18\198\218\215\220\18\199\3\173\211\186\177\171\4\170\161\176\194\199\15\26\26\11\11\24\161\160\73\160\160\160\198\122\114\116\113\128\118\128\114\114\105\174\181\188\174\105\190\122\168\170\145\140\162\127\161\156\139\185\190\134\113\113\123\116\122\126\114\118\122\161\162\73\179\187\160\216\56\84\169\200\115\181\7\169\169\200\77\210\200\20\219\169\248\236\86\124\161\66\228\75\209\114\47\153\248\208\208\65\65\255\122\113\84\160\113\84\169\229\1\200\115\7\169\169\169\169\77\134\162\124\77\169\161\161\43\160\160\160\232\153\103\133\153\130\157\108\146\124\143\89\80\75\143\132\75\135\132\136\138\135\75\130\153\98\140\146\100\136\132\127\123\109\86\110\129\98\88\145\123\90\98\92\109\94\138\106\120\130\112\114\93\83\96\157\128\91\109\135\154\99\91\153\112\114\111\106\98\127\140\101\101\161\161\1\160\160\160\219\170\166\239\174\177\220\225\174\179\225\233\233\241\235\240\232\234\233\240\247\236\240\247\232\232\220\225\174\179\225\196\171\200\242\187\209\240\200\246\199\244\160\192\210\168\218\233\233\241\234\240\247\232\236\240\247\232\220\250\161\161\104\160\160\160\248\136\90\36\70\90\65\94\47\81\63\76\154\149\65\90\33\79\81\39\75\71\60\56\46\136\77\70\76\98\136\136\136\136\90\36\70\90\65\94\47\81\63\76\154\128\49\44\41\33\60\79\38\38\67\79\129\98\136\136\77\68\91\77\65\78\136\93\153\55\73\32\43\49\158\48\59\42\88\93\149\149\128\128\155\130\153\129\131\161\160\50\160\160\160\215\90\100\98\95\100\98\91\91\82\166\154\151\160\60\82\82\82\82\151\148\126\169\118\158\160\168\145\122\141\85\151\148\126\169\118\158\160\168\145\122\93\90\90\99\92\99\91\93\90\100\99\95\100\99\91\161\161\108\160\160\160\223\133\49\145\37\66\41\148\47\47\62\47\153\51\132\53\40\45\37\56\75\34\34\71\75\133\102\140\140\140\140\42\32\56\67\68\92\42\84\41\91\148\71\78\42\90\92\145\42\32\56\67\68\92\42\84\41\91\148\71\78\42\90\92\161\161\15\160\160\160\221\228\231\231\254\228\254\248\230\226\254\248\230\5\239\239\239\239\186\254\208\174\199\204\214\249\215\220\205\191\186\242\231\231\231\254\228\248\230\226\248\230\228\231\254\251\226\254\251\230\230\5\239\239\170\163\188\170\166\169\239\186\161\162\74\173\101\160\239\199\29\55\242\177\207\8\194\129\164\250\59\99\99\82\82\82\238\121\199\186\95\147\199\186\95\121\82\199\8\147\199\8\95\95\234\46\146\107\224\204\234\234\234\234\59\199\29\55\242\177\207\8\194\129\164\250\59\99\82\82\82\199\121\251\95\147\251\95\121\82\199\34\147\199\34\95\95\204\161\161\227\160\160\160\202\3\3\198\207\208\198\202\197\3\214\18\188\194\171\160\186\21\187\176\161\211\214\30\30\20\3\215\203\198\205\233\3\3\3\3\186\171\179\26\205\212\19\161\161\26\160\160\160\251\204\219\227\217\215\207\177\231\195\210\202\227\180\173\234\204\219\227\217\215\207\177\241\242\242\235\240\235\243\241\242\235\227\247\235\227\243\243\16\250\250\250\250\179\188\250\195\210\202\227\180\173\234\204\219\227\217\215\207\177\228\242\242\232\240\235\243\241\242\235\237\247\235\237\243\243\250\174\178\191\180\250\175\235\197\187\210\217\195\236\194\161\160\94\160\160\160\231\177\160\206\211\155\134\134\143\136\143\135\137\134\144\144\139\144\144\135\135\126\195\202\209\195\126\211\143\189\191\166\161\183\148\182\177\160\206\211\155\134\134\149\136\143\135\137\134\143\150\139\143\150\135\135\126\195\204\194\104\126\126\195\202\209\195\104\126\126\126\126\161\161\108\160\160\160\229\78\94\73\77\71\102\140\140\73\66\72\102\140\140\69\74\140\132\42\32\56\67\68\92\42\84\41\91\148\71\78\42\90\92\137\132\132\132\149\155\135\157\153\133\129\157\153\133\135\132\157\149\129\157\149\133\133\133\145\145\157\159\140\77\66\72\140\89\157\161\160\175\160\160\160\225\14\16\247\242\8\229\7\2\241\31\36\236\236\215\215\224\218\224\224\216\220\224\224\216\207\16\29\19\207\8\247\255\232\29\38\223\5\240\232\242\252\4\26\236\236\215\215\223\217\224\216\218\215\227\220\227\216\216\207\35\23\20\29\207\36\161\161\85\160\160\160\205\36\138\116\157\150\140\35\141\134\151\101\96\40\61\61\61\34\62\39\60\56\39\60\62\61\34\56\34\60\60\53\112\123\113\95\112\123\113\95\53\53\53\53\147\141\161\161\29\160\160\160\212\186\190\170\190\239\213\217\229\238\213\168\224\236\237\239\238\23\253\253\184\177\174\184\23\253\253\253\253\191\175\184\188\182\23\253\253\184\179\185\23\253\253\180\187\253\222\185\216\171\168\199\169\161\160\232\160\160\160\206\54\51\71\38\26\8\73\86\76\8\46\64\79\75\95\75\26\48\44\32\27\48\93\37\37\30\26\27\8\92\80\77\86\8\46\64\79\75\95\75\26\48\44\32\27\48\161\162\71\183\71\160\232\202\194\174\151\197\220\39\90\41\67\45\90\41\67\45\39\39\90\251\156\90\182\113\39\223\223\223\228\228\211\243\202\18\168\122\156\156\33\82\228\228\211\243\202\18\168\122\156\156\33\246\36\174\246\194\194\197\246\39\179\159\90\41\45\39\39\39\39\251\64\44\254\161\162\205\173\101\160\229\73\109\86\203\182\186\169\52\229\177\26\143\100\160\230\61\79\109\109\109\109\216\21\34\73\238\109\86\203\182\186\169\52\229\177\26\143\100\160\217\74\109\225\112\109\86\203\182\186\169\52\229\177\26\143\100\160\230\86\203\182\186\169\52\229\177\26\143\100\161\160\99\160\160\160\202\194\142\148\131\200\209\199\109\131\131\200\207\214\200\109\131\131\131\131\207\210\198\196\207\131\208\217\176\196\175\166\219\215\164\173\150\194\160\139\149\155\142\161\162\74\163\75\160\241\233\245\197\209\194\224\242\203\233\245\197\104\170\170\170\170\133\124\170\145\172\49\109\46\19\178\166\13\40\227\103\196\1\218\170\166\130\121\148\170\145\172\49\109\46\19\178\166\13\40\227\103\1\145\172\49\109\46\19\178\166\13\40\227\103\203\221\170\121\148\118\104\170\170\121\148\118\104\121\148\118\162"
local TpNciJZdmB={string.byte(piUBsQWsGoa,1,#piUBsQWsGoa)}
for i=1,#TpNciJZdmB do
  local v=TpNciJZdmB[i]-160
  if v<0 then v=v+256 end
  TpNciJZdmB[i]=v
end
local function cgYQ20uI_d(s,p)
  local v=s[p]
  return v,p+1
end
local JRlj1vFOYsVkjz={}
do
  local p=1
  while p<=#TpNciJZdmB do
    local op; op,p=cgYQ20uI_d(TpNciJZdmB,p)
    if op==2 then
      JRlj1vFOYsVkjz[#JRlj1vFOYsVkjz+1]={op=op}
    elseif op==1 then
      local m,k,a,ia,lh,ll
      m,p=cgYQ20uI_d(TpNciJZdmB,p)
      k,p=cgYQ20uI_d(TpNciJZdmB,p)
      a,p=cgYQ20uI_d(TpNciJZdmB,p)
      ia,p=cgYQ20uI_d(TpNciJZdmB,p)
      lh,p=cgYQ20uI_d(TpNciJZdmB,p)
      ll,p=cgYQ20uI_d(TpNciJZdmB,p)
      local len=(lh*256)+ll
      local b={}
      for i=1,len do
        b[i],p=cgYQ20uI_d(TpNciJZdmB,p)
      end
      JRlj1vFOYsVkjz[#JRlj1vFOYsVkjz+1]={op=op,m=m,k=k,a=a,ia=ia,b=b}
    else
      break
    end
  end
end
local function __vm_bxor(a,b)
  local r=0
  local bit=1
  while a>0 or b>0 do
    local aa=a%2
    local bb=b%2
    if aa~=bb then r=r+bit end
    a=(a-aa)/2
    b=(b-bb)/2
    bit=bit*2
  end
  return r
end
local function HZLnmJ78U6Q55(e)
  local t={}
  for i=1,#e.b do
    local v
    if e.m==1 then
      v=__vm_bxor(e.b[i],e.k)
    elseif e.m==2 then
      v=((e.b[i]-e.k)*e.ia)%256
      if v<0 then v=v+256 end
    else
      v=e.b[i]-e.k
      if v<0 then v=v+256 end
    end
    t[i]=string.char(v)
  end
  return table.concat(t)
end
local function m9qx91Yjk0H(t)
  local s={}
  for i=1,#t do s[i]=string.char(t[i]) end
  return table.concat(s)
end
local oI0hU_HKKrJrS=_G
local ii4lgm8UDpp=function(a,b) return a[b] end
local ifUzseVr9=oI0hU_HKKrJrS[m9qx91Yjk0H({103,101,116,102,101,110,118})]
if ifUzseVr9 then
  oI0hU_HKKrJrS=ifUzseVr9()
elseif _ENV then
  oI0hU_HKKrJrS=_ENV
end
local TYuSlDf5YRZ={
  m9qx91Yjk0H({108,111,97,100}),
  m9qx91Yjk0H({115,116,114,105,110,103}),
  m9qx91Yjk0H({116,97,98,108,101}),
  m9qx91Yjk0H({99,104,97,114}),
  m9qx91Yjk0H({99,111,110,99,97,116})
}
local cyj1aQSVMwY=ii4lgm8UDpp(oI0hU_HKKrJrS,TYuSlDf5YRZ[1])
local VDF8IN54LAXX=ii4lgm8UDpp(oI0hU_HKKrJrS,TYuSlDf5YRZ[2]) or string
local y3URRqL7ye5=ii4lgm8UDpp(oI0hU_HKKrJrS,TYuSlDf5YRZ[3]) or table
local pTlf0UwXc=ii4lgm8UDpp(VDF8IN54LAXX,TYuSlDf5YRZ[4])
local RBPk0j02=ii4lgm8UDpp(y3URRqL7ye5,TYuSlDf5YRZ[5])
local NFRcA7wocs1uO={}
local sHuVerQSdye=1
local DkNfZTG6tv=nil
local BZlIDuJSh7u9M=1
local cSKqnYQoZAXh=0
local M7oRJVgj={}
local __vm_op_alias={[1]=138,[2]=212}
M7oRJVgj[__vm_op_alias[1]]=function(ins)
  NFRcA7wocs1uO[#NFRcA7wocs1uO+1]=HZLnmJ78U6Q55(ins)
  sHuVerQSdye=sHuVerQSdye+1
  BZlIDuJSh7u9M=1
end
M7oRJVgj[__vm_op_alias[2]]=function()
  local XOINWZbZk=RBPk0j02(NFRcA7wocs1uO)
  local G2DoTBR8E,Cn5_WvthD=cyj1aQSVMwY(XOINWZbZk,nil,"t",oI0hU_HKKrJrS)
  if not G2DoTBR8E then error(Cn5_WvthD) end
  G2DoTBR8E()
  BZlIDuJSh7u9M=99
end
M7oRJVgj[0]=function()
  BZlIDuJSh7u9M=99
end
while true do
  if BZlIDuJSh7u9M==1 then
    DkNfZTG6tv=JRlj1vFOYsVkjz[sHuVerQSdye]
    if not DkNfZTG6tv then BZlIDuJSh7u9M=99 else BZlIDuJSh7u9M=2 end
  elseif BZlIDuJSh7u9M==2 then
    local __h=M7oRJVgj[__vm_op_alias[DkNfZTG6tv.op] or 0] or M7oRJVgj[0]
    __h(DkNfZTG6tv)
  elseif BZlIDuJSh7u9M==3 then
    NFRcA7wocs1uO[#NFRcA7wocs1uO+1]=HZLnmJ78U6Q55(DkNfZTG6tv)
    sHuVerQSdye=sHuVerQSdye+1
    BZlIDuJSh7u9M=1
  elseif BZlIDuJSh7u9M==4 then
    BZlIDuJSh7u9M=1
  elseif BZlIDuJSh7u9M==7 then
    cSKqnYQoZAXh=cSKqnYQoZAXh+1
    if cSKqnYQoZAXh>2 then BZlIDuJSh7u9M=1 else BZlIDuJSh7u9M=7 end
  else
    break
  end
  if (sHuVerQSdye%97)==13 and BZlIDuJSh7u9M==1 and cSKqnYQoZAXh==0 then BZlIDuJSh7u9M=7 end
end
